 125 210
 142 226
 190 27
 191 270
 205 283
 214 291
 229 304
 231 306
 240 314
 242 316
 249 322
 252 325
 253 326
 254 327
 257 33
 270 341
 274 345
 291 360
 30 125
 313 380
 316 383
 328 394
 331 397
 333 399
 356 419
 371 432
 401 46
 414 471
 415 472
 416 473
 423 48
 424 480
 434 49
 435 490
 436 491
 437 492
 453 506
 456 509
 465 517
 472 523
 474 525
 485 535
 486 536
 487 537
 490 54
 504 552
 509 557
 536 581
 538 583
 546 590
 553 597
 583 7
 592 78
 597 82
 598 83
 606 90
 61 153
 74 165
 443 498
 544 589 
 586 72 
 5 102 