1 1 
126 211 
127 212 
132 217 
135 22 
139 223 
147 230 
149 232 
159 241 
160 242 
162 244 
189 269 
198 277 
199 278 
200 279 
201 28 
202 280 
205 283 
219 296 
223 3 
271 342
273 344 
302 370 
314 381 
329 395 
352 415 
368 43 
385 445 
432 488 
439 494 
444 499 
449 502 
453 506 
456 509 
466 518 
469 520 
475 526 
477 528 
487 537 
511 559 
517 564 
531 577 
536 581 
542 587 
543 588 
547 591 
552 596 
553 597 
559 601 
562 604 
563 605 
568 63 
570 65 
573 68 
58 150 
585 79 
587 80 
588 81 
599 91 
63 155 
67 159 
178 259