 129 214 
 15 111 
 16 112 
 17 113 
 171 252 
 173 254 
 174 255 
 175 256 
 179 26 
 181 261 
 183 263 
 184 264 
 190 27 
 191 270 
 192 271 
 198 277 
 199 278 
 210 288 
 22 118 
 220 297 
 227 302 
 230 305 
 244 318 
 279 35 
 3 100 
 30 125 
 303 371 
 313 380 
 316 383 
 333 399 
 349 412 
 363 425 
 37 131 
 376 437 
 398 457 
 411 469 
 419 476 
 421 478 
 425 481 
 430 486 
 431 487 
 453 506 
 454 507 
 455 508 
 463 515 
 464 516 
 473 524 
 474 525 
 481 531 
 486 536 
 491 540 
 495 544 
 510 558 
 520 567 
 555 599 
 580 65 
 584 69 
 591 75 
 596 8 
 599 82 
 609 91 
 614 96 
 615 97 
 617 99 
 7 104 
 75 166 