 100 189 
 105 193 
 12 109 
 121 207 
 123 209 
 125 210 
 133 218 
 145 229 
 148 231 
 152 235 
 160 242 
 185 265 
 195 274 
 202 280 
 205 283 
 211 289 
 217 294 
 227 302 
 236 310 
 248 321 
 249 322 
 250 323 
 251 324 
 265 337 
 344 408 
 359 421 
 371 432 
 377 438 
 386 446 
 389 449 
 439 494 
 445 5 
 446 50 
 457 51 
 458 510 
 467 519 
 486 536 
 499 548 
 504 552 
 508 556 
 525 571 
 532 578 
 533 579 
 535 580 
 560 602 
 570 611 
 574 64 
 582 71 
 596 84 
 611 98 
 63 155 
 66 158 
 67 159 
 70 161 
 71 162 
 72 163 
 74 165 
 75 166 
 76 167 
 79 17 
 80 170 
 81 171 
 82 172 
 85 175 
 96 185 
 99 188 