119 205 
126 211 
137 221 
141 225 
142 226 
146 23 
151 234 
161 243 
171 252 
178 259 
18 114 
195 274
20 116 
208 286 
209 287 
212 29 
23 119 
234 309 
241 315 
242 316 
248 321 
269 340 
270 341 
274 345 
313 380 
314 381 
318 385 
32 127 
325 391 
327 393 
328 394 
330 396 
332 398 
336 400 
34 129 
341 405 
356 419 
357 42 
358 420 
360 422 
367 429 
375 436 
376 437 
378 439 
384 444 
389 449 
4 101 
414 471 
427 483 
45 139 
46 14 
460 512 
474 525 
48 141 
489 539 
494 543 
5 102 
502 550 
515 562 
516 563 
517 564 
518 565 
519 566 
520 567 
521 568 
522 569 
523 57 
524 570 
525 571 
526 572 
527 573 
528 574 
529 575 
53 146 
530 576 
531 577 
532 578 
533 579 
534 58 
535 580 
536 581 
537 582 
538 583 
539 584 
54 147 
540 585 
541 586 
542 587 
543 588 
544 589 
545 59 
546 590 
547 591 
552 596 
555 599 
559 601 
561 603 
562 604 
563 605 
566 608 
569 610 
571 612 
573 614 
574 62 
575 63 
576 64 
577 65 
578 66 
579 67 
580 68 
581 69 
582 7 
583 70 
584 71 
585 72 
586 73 
587 74 
588 75 
589 76 
59 151 
590 77 
591 78 
592 79 
593 8 
594 80 
595 81 
596 82 
597 83 
598 84 
599 85 
6 103 
608 93 
73 164 
76 167 
91 180 