102 190 
107 195 
109 197 
110 198 
120 206 
133 218 
140 224 
141 225 
142 226 
144 228 
147 230 
148 231 
149 232 
150 233 
151 234 
152 235 
153 236 
154 237 
155 238 
158 240 
168 25 
181 261 
182 262 
195 274 
198 277 
199 278 
210 288 
218 295 
220 297 
221 298 
227 302 
265 337 
27 122 
270 341 
276 347 
280 350 
289 359 
29 124 
297 366 
303 371 
305 373 
314 381 
321 388 
325 391 
332 398 
337 401 
341 405 
345 409 
347 410 
349 412 
350 413 
351 414 
352 415 
353 416 
355 418 
356 419 
357 42 
358 420 
359 421 
361 423 
364 426 
365 427 
366 428 
367 429 
368 43 
369 430 
38 132 
386 446 
405 463 
406 464 
417 474 
425 481 
429 485 
43 137 
430 486 
441 496 
450 503 
47 140 
473 524 
478 529 
48 141 
484 534 
489 539 
496 545 
500 549 
501 55 
503 551 
505 553 
507 555 
511 559 
524 570 
528 574 
538 583 
539 584 
541 586 
542 587 
555 599 
558 600 
559 601 
568 61 
576 65 
584 72 
587 75 
588 76 
590 78 
591 79 
61 153 
73 164 
79 17 
85 175 
86 176 
87 177 
89 179 
388 448 