   0.0000 0.0000e+00 0.0000e+00 0.0000e+00 0.0000e+00 0.0000e+00 0.0000e+00 0.0000e+00 0.0000e+00 0.0000e+00 0.0000e+00 0.0000e+00 0.0000e+00 0.0000e+00 0.0000e+00 0.0000e+00
   0.2500 1.0272e+08 2.9928e+07 3.4955e+08 5.2056e+07 3.4525e+08 7.7643e+07 1.0272e+08 5.6862e+07 1.4858e+08 3.3193e+08 2.2508e+08 3.1268e+08 5.2056e+07 3.4525e+08 7.2222e+07
   0.5000 1.8489e+08 6.6610e+07 5.6436e+08 9.2378e+07 5.5750e+08 1.6840e+08 1.8489e+08 1.1306e+08 2.5672e+08 3.9763e+08 3.5756e+08 4.8218e+08 9.7398e+07 5.5750e+08 9.2378e+07
   0.7500 2.5833e+08 6.3568e+07 7.2356e+08 8.7562e+07 7.1528e+08 2.1810e+08 2.8040e+08 1.7376e+08 3.4290e+08 3.4634e+08 4.3823e+08 6.1032e+08 1.3990e+08 7.1528e+08 8.7562e+07
   1.0000 3.1424e+08 5.3912e+07 8.3088e+08 7.7010e+07 8.1902e+08 2.5070e+08 3.8247e+08 2.2789e+08 4.0058e+08 2.7681e+08 4.7368e+08 6.9460e+08 1.7328e+08 8.1902e+08 7.7010e+07
   1.2500 3.4120e+08 4.5616e+07 8.6155e+08 6.7259e+07 8.4576e+08 2.6393e+08 4.4030e+08 2.6147e+08 4.2092e+08 2.1876e+08 4.6554e+08 7.0982e+08 1.9105e+08 8.4576e+08 6.7259e+07
   1.5000 3.3850e+08 4.0746e+07 8.1855e+08 5.9850e+07 8.0109e+08 2.5901e+08 4.4697e+08 2.7000e+08 4.0700e+08 1.7644e+08 4.2487e+08 6.6198e+08 1.9252e+08 8.0109e+08 5.9850e+07
   1.7500 3.1449e+08 3.9763e+07 7.2943e+08 5.5813e+07 7.1263e+08 2.4094e+08 4.1700e+08 2.5836e+08 3.7062e+08 1.5016e+08 3.6805e+08 5.7849e+08 1.8180e+08 7.1263e+08 5.5813e+07
   2.0000 2.7941e+08 4.4925e+07 6.2299e+08 5.8233e+07 6.0816e+08 2.1565e+08 3.6868e+08 2.3471e+08 3.2411e+08 1.4507e+08 3.0873e+08 4.8554e+08 1.6421e+08 6.0816e+08 5.8233e+07
   2.2500 2.4110e+08 5.2543e+07 5.1818e+08 6.3613e+07 5.0579e+08 1.8798e+08 3.1515e+08 2.0604e+08 2.7617e+08 1.4927e+08 2.5434e+08 3.9830e+08 1.4402e+08 5.0579e+08 6.3613e+07
   2.5000 2.0431e+08 5.6876e+07 4.2457e+08 6.6047e+07 4.1445e+08 1.6104e+08 2.6436e+08 1.7697e+08 2.3166e+08 1.4728e+08 2.0770e+08 3.2296e+08 1.2398e+08 4.1445e+08 6.6047e+07
   2.7500 1.7130e+08 5.6198e+07 3.4517e+08 6.3679e+07 3.3703e+08 1.3649e+08 2.1936e+08 1.4998e+08 1.9263e+08 1.3626e+08 1.6900e+08 2.6054e+08 1.0552e+08 3.3703e+08 6.3679e+07
   3.0000 1.4282e+08 5.2848e+07 2.7979e+08 5.8909e+07 2.7328e+08 1.1497e+08 1.8106e+08 1.2614e+08 1.5951e+08 1.2171e+08 1.3748e+08 2.0997e+08 8.9243e+07 2.7328e+08 5.8909e+07
   3.2500 1.1878e+08 4.8387e+07 2.2677e+08 5.3298e+07 2.2157e+08 9.6526e+07 1.4918e+08 1.0566e+08 1.3190e+08 1.0676e+08 1.1206e+08 1.6950e+08 7.5224e+07 2.2157e+08 5.3298e+07
   3.5000 9.8726e+07 4.3678e+07 1.8408e+08 4.7679e+07 1.7991e+08 8.0929e+07 1.2297e+08 8.8344e+07 1.0911e+08 9.2847e+07 9.1639e+07 1.3727e+08 6.3324e+07 1.7991e+08 4.7679e+07
   3.7500 8.2119e+07 3.9062e+07 1.4984e+08 4.2346e+07 1.4648e+08 6.7853e+07 1.0151e+08 7.3844e+07 9.0393e+07 8.0362e+07 7.5258e+07 1.1167e+08 5.3305e+07 1.4648e+08 4.2346e+07
   4.0000 6.8421e+07 3.4568e+07 1.2236e+08 3.7265e+07 1.1965e+08 5.6964e+07 8.3949e+07 6.1784e+07 7.5059e+07 6.9101e+07 6.2080e+07 9.1265e+07 4.4919e+07 1.1965e+08 3.7265e+07
   4.2500 5.7146e+07 3.0377e+07 1.0029e+08 3.2594e+07 9.8105e+07 4.7924e+07 6.9590e+07 5.1786e+07 6.2506e+07 5.9188e+07 5.1451e+07 7.4964e+07 3.7921e+07 9.8105e+07 3.2594e+07
   4.5000 4.7870e+07 2.6597e+07 8.2541e+07 2.8425e+07 8.0782e+07 4.0426e+07 5.7864e+07 4.3508e+07 5.2231e+07 5.0655e+07 4.2857e+07 6.1906e+07 3.2086e+07 8.0782e+07 2.8425e+07
   4.7500 4.0246e+07 2.3275e+07 6.8261e+07 2.4791e+07 6.6838e+07 3.4215e+07 4.8304e+07 3.6672e+07 4.3819e+07 4.3406e+07 3.5868e+07 5.1385e+07 2.7234e+07 6.6838e+07 2.4791e+07
   5.0000 3.3967e+07 2.0372e+07 5.6727e+07 2.1636e+07 5.5571e+07 2.9062e+07 4.0493e+07 3.1020e+07 3.6914e+07 3.7254e+07 3.0154e+07 4.2860e+07 2.3195e+07 5.5571e+07 2.1636e+07
   5.2500 2.8780e+07 1.7834e+07 4.7369e+07 1.8892e+07 4.6426e+07 2.4774e+07 3.4088e+07 2.6333e+07 3.1227e+07 3.2027e+07 2.5466e+07 3.5922e+07 1.9824e+07 4.6426e+07 1.8892e+07
   5.5000 2.4481e+07 1.5614e+07 3.9746e+07 1.6503e+07 3.8973e+07 2.1195e+07 2.8817e+07 2.2436e+07 2.6527e+07 2.7580e+07 2.1602e+07 3.0251e+07 1.7000e+07 3.8973e+07 1.6503e+07
   5.7500 2.0907e+07 1.3682e+07 3.3510e+07 1.4434e+07 3.2874e+07 1.8198e+07 2.4467e+07 1.9187e+07 2.2627e+07 2.3800e+07 1.8403e+07 2.5594e+07 1.4630e+07 3.2874e+07 1.4434e+07
   6.0000 1.7922e+07 1.1996e+07 2.8381e+07 1.2633e+07 2.7855e+07 1.5679e+07 2.0859e+07 1.6467e+07 1.9376e+07 2.0585e+07 1.5741e+07 2.1749e+07 1.2633e+07 2.7855e+07 1.2644e+07
   6.2500 1.5419e+07 1.0416e+07 2.4140e+07 1.0945e+07 2.3701e+07 1.3554e+07 1.7853e+07 1.4182e+07 1.6656e+07 1.7846e+07 1.3516e+07 1.8558e+07 1.0945e+07 2.3701e+07 1.1094e+07
   6.5000 1.3312e+07 9.0720e+06 2.0613e+07 9.5126e+06 2.0246e+07 1.1755e+07 1.5338e+07 1.2254e+07 1.4369e+07 1.5509e+07 1.1648e+07 1.5898e+07 9.5126e+06 2.0246e+07 9.7508e+06
   6.7500 1.1531e+07 7.9240e+06 1.7668e+07 8.2930e+06 1.7359e+07 1.0227e+07 1.3225e+07 1.0623e+07 1.2439e+07 1.3510e+07 1.0076e+07 1.3671e+07 8.2930e+06 1.7359e+07 8.5853e+06
   7.0000 1.0021e+07 6.9400e+06 1.5201e+07 7.2504e+06 1.4941e+07 8.9237e+06 1.1442e+07 9.2376e+06 1.0804e+07 1.1798e+07 8.7451e+06 1.1800e+07 7.2504e+06 1.4941e+07 7.5732e+06
   7.2500 8.7346e+06 6.0940e+06 1.3127e+07 6.3564e+06 1.2906e+07 7.8090e+06 9.9320e+06 8.0564e+06 9.4128e+06 1.0327e+07 7.6152e+06 1.0222e+07 6.3564e+06 1.2906e+07 6.6926e+06
   7.5000 7.6360e+06 5.3649e+06 1.1376e+07 5.5876e+06 1.1187e+07 6.8523e+06 8.6484e+06 7.0463e+06 8.2258e+06 9.0595e+06 6.6521e+06 8.8844e+06 5.5876e+06 1.1187e+07 5.9252e+06
   7.7500 6.6947e+06 4.7349e+06 9.8905e+06 4.9247e+06 9.7295e+06 6.0290e+06 7.5537e+06 6.1800e+06 7.2095e+06 7.9648e+06 5.8282e+06 7.7470e+06 4.9247e+06 9.7295e+06 5.2552e+06
   8.0000 5.8858e+06 4.1892e+06 8.6266e+06 4.3517e+06 8.4885e+06 5.3185e+06 6.6171e+06 5.4349e+06 6.3366e+06 7.0168e+06 5.1212e+06 6.7761e+06 4.3517e+06 8.4885e+06 4.6693e+06
   8.2500 5.1886e+06 3.7153e+06 7.5472e+06 3.8550e+06 7.4282e+06 4.7038e+06 5.8134e+06 4.7923e+06 5.5849e+06 6.1953e+06 4.5126e+06 5.9444e+06 3.8550e+06 7.4282e+06 4.1562e+06
   8.5000 4.5861e+06 3.3027e+06 6.6221e+06 3.4232e+06 6.5191e+06 4.1704e+06 5.1217e+06 4.2367e+06 4.9356e+06 5.4826e+06 3.9871e+06 5.2299e+06 3.4232e+06 6.5191e+06 3.7063e+06
   8.7500 4.0638e+06 2.9424e+06 5.8267e+06 3.0468e+06 5.7371e+06 3.7062e+06 4.5244e+06 3.7548e+06 4.3728e+06 4.8625e+06 3.5319e+06 4.6139e+06 3.0468e+06 5.7371e+06 3.3111e+06
   9.0000 3.6096e+06 2.6270e+06 5.1405e+06 2.7178e+06 5.0624e+06 3.3011e+06 4.0070e+06 3.3355e+06 3.8837e+06 4.3216e+06 3.1365e+06 4.0812e+06 2.7178e+06 5.0624e+06 2.9632e+06
   9.2500 3.2135e+06 2.3502e+06 4.5468e+06 2.4295e+06 4.4784e+06 2.9467e+06 3.5574e+06 2.9697e+06 3.4573e+06 3.8485e+06 2.7918e+06 3.6191e+06 2.4295e+06 4.4784e+06 2.6566e+06
   9.5000 2.8671e+06 2.1069e+06 4.0317e+06 2.1764e+06 3.9716e+06 2.6358e+06 3.1655e+06 2.6497e+06 3.0846e+06 3.4337e+06 2.4907e+06 3.2172e+06 2.1764e+06 3.9716e+06 2.3858e+06
   9.7500 2.5635e+06 1.8924e+06 3.5835e+06 1.9535e+06 3.5305e+06 2.3624e+06 2.8231e+06 2.3691e+06 2.7579e+06 3.0692e+06 2.2268e+06 2.8666e+06 1.9535e+06 3.5305e+06 2.1463e+06
  10.0000 2.2968e+06 1.7030e+06 3.1925e+06 1.7568e+06 3.1457e+06 2.1216e+06 2.5233e+06 2.1226e+06 2.4710e+06 2.7487e+06 1.9952e+06 2.5601e+06 1.7568e+06 3.1457e+06 1.9342e+06
  10.2500 2.0621e+06 1.5354e+06 2.8505e+06 1.5830e+06 2.8090e+06 1.9091e+06 2.2603e+06 1.9056e+06 2.2186e+06 2.4667e+06 1.7914e+06 2.2913e+06 1.5830e+06 2.8090e+06 1.7461e+06
  10.5000 1.8551e+06 1.3867e+06 2.5508e+06 1.4290e+06 2.5138e+06 1.7211e+06 2.0290e+06 1.7142e+06 1.9960e+06 2.2180e+06 1.6116e+06 2.0550e+06 1.4290e+06 2.5138e+06 1.5790e+06
  10.7500 1.6720e+06 1.2546e+06 2.2873e+06 1.2923e+06 2.2543e+06 1.5544e+06 1.8250e+06 1.5449e+06 1.7991e+06 1.9981e+06 1.4527e+06 1.8469e+06 1.2923e+06 2.2543e+06 1.4301e+06
  11.0000 1.5098e+06 1.1370e+06 2.0553e+06 1.1706e+06 2.0258e+06 1.4063e+06 1.6447e+06 1.3949e+06 1.6247e+06 1.8034e+06 1.3119e+06 1.6630e+06 1.1706e+06 2.0258e+06 1.2974e+06
  11.2500 1.3658e+06 1.0321e+06 1.8506e+06 1.0621e+06 1.8240e+06 1.2745e+06 1.4850e+06 1.2617e+06 1.4698e+06 1.6304e+06 1.1869e+06 1.5003e+06 1.0621e+06 1.8240e+06 1.1788e+06
  11.5000 1.2376e+06 9.3827e+05 1.6695e+06 9.6525e+05 1.6456e+06 1.1569e+06 1.3432e+06 1.1432e+06 1.3320e+06 1.4766e+06 1.0756e+06 1.3560e+06 9.6525e+05 1.6456e+06 1.0727e+06
  11.7500 1.1233e+06 8.5428e+05 1.5090e+06 8.7856e+05 1.4875e+06 1.0518e+06 1.2170e+06 1.0374e+06 1.2091e+06 1.3394e+06 9.7640e+05 1.2278e+06 8.7856e+05 1.4875e+06 9.7755e+05
  12.0000 1.0211e+06 7.7896e+05 1.3665e+06 8.0086e+05 1.3470e+06 9.5769e+05 1.1046e+06 9.4301e+05 1.0993e+06 1.2169e+06 8.8777e+05 1.1136e+06 8.0086e+05 1.3470e+06 8.9214e+05
  12.2500 9.2974e+05 7.1131e+05 1.2394e+06 7.3112e+05 1.2217e+06 8.7331e+05 1.0042e+06 8.5849e+05 1.0010e+06 1.1073e+06 8.0846e+05 1.0116e+06 7.3112e+05 1.2217e+06 8.1535e+05
  12.5000 8.4780e+05 6.5046e+05 1.1259e+06 6.6842e+05 1.1098e+06 7.9752e+05 9.1431e+05 7.8272e+05 9.1288e+05 1.0091e+06 7.3734e+05 9.2046e+05 6.6842e+05 1.1098e+06 7.4620e+05
  12.7500 7.7421e+05 5.9563e+05 1.0243e+06 6.1194e+05 1.0097e+06 7.2932e+05 8.3375e+05 7.1467e+05 8.3374e+05 9.2095e+05 6.7347e+05 8.3879e+05 6.1194e+05 1.0097e+06 6.8383e+05
  13.0000 7.0800e+05 5.4614e+05 9.3328e+05 5.6099e+05 9.1995e+05 6.6786e+05 7.6141e+05 6.5346e+05 7.6254e+05 8.4166e+05 6.1600e+05 7.6551e+05 5.6099e+05 9.1995e+05 6.2748e+05
  13.2500 6.4834e+05 5.0140e+05 8.5159e+05 5.1495e+05 8.3940e+05 6.1238e+05 6.9634e+05 5.9830e+05 6.9838e+05 7.7024e+05 5.6421e+05 6.9965e+05 5.1495e+05 8.3940e+05 5.7648e+05
  13.5000 5.9449e+05 4.6089e+05 7.7818e+05 4.7328e+05 7.6700e+05 5.6222e+05 6.3770e+05 5.4852e+05 6.4046e+05 7.0580e+05 5.1746e+05 6.4037e+05 4.7328e+05 7.6700e+05 5.3027e+05
  13.7500 5.4582e+05 4.2417e+05 7.1210e+05 4.3550e+05 7.0184e+05 5.1682e+05 5.8479e+05 5.0353e+05 5.8811e+05 6.4758e+05 4.7520e+05 5.8692e+05 4.3550e+05 7.0184e+05 4.8833e+05
  14.0000 5.0176e+05 3.9082e+05 6.5254e+05 4.0122e+05 6.4310e+05 4.7566e+05 5.3696e+05 4.6281e+05 5.4072e+05 5.9491e+05 4.3694e+05 5.3867e+05 4.0122e+05 6.4310e+05 4.5021e+05
  14.2500 4.6182e+05 3.6050e+05 5.9879e+05 3.7005e+05 5.9010e+05 4.3828e+05 4.9367e+05 4.2590e+05 4.9775e+05 5.4718e+05 4.0225e+05 4.9504e+05 3.7005e+05 5.9010e+05 4.1552e+05
  14.5000 4.2557e+05 3.3289e+05 5.5022e+05 3.4169e+05 5.4221e+05 4.0431e+05 4.5443e+05 3.9240e+05 4.5874e+05 5.0387e+05 3.7076e+05 4.5553e+05 3.4169e+05 5.4221e+05 3.8391e+05
  14.7500 3.9261e+05 3.0774e+05 5.0622e+05 3.1584e+05 4.9882e+05 3.7339e+05 4.1881e+05 3.6195e+05 4.2328e+05 4.6453e+05 3.4212e+05 4.1968e+05 3.1584e+05 4.9882e+05 3.5508e+05
  15.0000 3.6262e+05 2.8479e+05 4.6629e+05 2.9227e+05 4.5945e+05 3.4520e+05 3.8643e+05 3.3424e+05 3.9100e+05 4.2873e+05 3.1606e+05 3.8708e+05 2.9227e+05 4.5945e+05 3.2876e+05
  15.2500 3.3528e+05 2.6383e+05 4.3001e+05 2.7075e+05 4.2367e+05 3.1948e+05 3.5695e+05 3.0899e+05 3.6157e+05 3.9613e+05 2.9230e+05 3.5742e+05 2.7075e+05 4.2367e+05 3.0471e+05
  15.5000 3.1033e+05 2.4466e+05 3.9700e+05 2.5106e+05 3.9112e+05 2.9598e+05 3.3009e+05 2.8595e+05 3.3471e+05 3.6639e+05 2.7061e+05 3.3038e+05 2.5106e+05 3.9112e+05 2.8270e+05
  15.7500 2.8754e+05 2.2710e+05 3.6693e+05 2.3304e+05 3.6146e+05 2.7449e+05 3.0558e+05 2.6490e+05 3.1018e+05 3.3924e+05 2.5080e+05 3.0571e+05 2.3304e+05 3.6146e+05 2.6252e+05
  16.0000 2.6669e+05 2.1101e+05 3.3950e+05 2.1652e+05 3.3441e+05 2.5480e+05 2.8318e+05 2.4566e+05 2.8772e+05 3.1442e+05 2.3266e+05 2.8318e+05 2.1652e+05 3.3441e+05 2.4402e+05
  16.2500 2.4760e+05 1.9624e+05 3.1445e+05 2.0136e+05 3.0971e+05 2.3675e+05 2.6270e+05 2.2804e+05 2.6716e+05 2.9170e+05 2.1606e+05 2.6258e+05 2.0136e+05 3.0971e+05 2.2703e+05
  16.5000 2.3010e+05 1.8267e+05 2.9155e+05 1.8744e+05 2.8713e+05 2.2019e+05 2.4394e+05 2.1188e+05 2.4831e+05 2.7088e+05 2.0083e+05 2.4371e+05 1.8744e+05 2.8713e+05 2.1140e+05
  16.7500 2.1403e+05 1.7019e+05 2.7058e+05 1.7463e+05 2.6646e+05 2.0497e+05 2.2674e+05 1.9706e+05 2.3100e+05 2.5179e+05 1.8685e+05 2.2642e+05 1.7463e+05 2.6646e+05 1.9703e+05
  17.0000 1.9928e+05 1.5869e+05 2.5137e+05 1.6284e+05 2.4752e+05 1.9097e+05 2.1095e+05 1.8345e+05 2.1510e+05 2.3427e+05 1.7400e+05 2.1056e+05 1.6284e+05 2.4752e+05 1.8378e+05
  17.2500 1.8570e+05 1.4810e+05 2.3376e+05 1.5198e+05 2.3015e+05 1.7808e+05 1.9645e+05 1.7093e+05 2.0048e+05 2.1816e+05 1.6218e+05 1.9600e+05 1.5198e+05 2.3015e+05 1.7156e+05
  17.5000 1.7320e+05 1.3833e+05 2.1758e+05 1.4195e+05 2.1420e+05 1.6621e+05 1.8311e+05 1.5940e+05 1.8701e+05 2.0334e+05 1.5130e+05 1.8261e+05 1.4195e+05 2.1420e+05 1.6029e+05
  17.7500 1.6169e+05 1.2931e+05 2.0270e+05 1.3270e+05 1.9953e+05 1.5525e+05 1.7082e+05 1.4878e+05 1.7459e+05 1.8969e+05 1.4127e+05 1.7028e+05 1.3270e+05 1.9953e+05 1.4987e+05
  18.0000 1.5106e+05 1.2097e+05 1.8901e+05 1.2414e+05 1.8603e+05 1.4513e+05 1.5950e+05 1.3898e+05 1.6313e+05 1.7710e+05 1.3201e+05 1.5893e+05 1.2414e+05 1.8603e+05 1.4024e+05
  18.2500 1.4124e+05 1.1326e+05 1.7639e+05 1.1623e+05 1.7360e+05 1.3577e+05 1.4904e+05 1.2993e+05 1.5254e+05 1.6547e+05 1.2345e+05 1.4845e+05 1.1623e+05 1.7360e+05 1.3133e+05
  18.5000 1.3215e+05 1.0611e+05 1.6475e+05 1.0890e+05 1.6213e+05 1.2712e+05 1.3938e+05 1.2156e+05 1.4275e+05 1.5473e+05 1.1554e+05 1.3878e+05 1.0890e+05 1.6213e+05 1.2308e+05
  18.7500 1.2375e+05 9.9493e+04 1.5401e+05 1.0212e+05 1.5154e+05 1.1910e+05 1.3044e+05 1.1382e+05 1.3368e+05 1.4479e+05 1.0821e+05 1.2983e+05 1.0212e+05 1.5154e+05 1.1543e+05
  19.0000 1.1597e+05 9.3351e+04 1.4408e+05 9.5816e+04 1.4175e+05 1.1167e+05 1.2217e+05 1.0664e+05 1.2529e+05 1.3559e+05 1.0142e+05 1.2156e+05 9.5816e+04 1.4175e+05 1.0833e+05
  19.2500 1.0875e+05 8.7651e+04 1.3489e+05 8.9969e+04 1.3270e+05 1.0478e+05 1.1451e+05 9.9994e+04 1.1750e+05 1.2707e+05 9.5130e+04 1.1390e+05 8.9969e+04 1.3270e+05 1.0174e+05
  19.5000 1.0206e+05 8.2354e+04 1.2639e+05 8.4537e+04 1.2432e+05 9.8376e+04 1.0740e+05 9.3828e+04 1.1028e+05 1.1918e+05 8.9290e+04 1.0680e+05 8.4537e+04 1.2432e+05 9.5614e+04
  19.7500 9.5841e+04 7.7429e+04 1.1851e+05 7.9486e+04 1.1656e+05 9.2431e+04 1.0081e+05 8.8103e+04 1.0358e+05 1.1185e+05 8.3868e+04 1.0021e+05 7.9486e+04 1.1656e+05 8.9917e+04
  20.0000 9.0066e+04 7.2847e+04 1.1120e+05 7.4785e+04 1.0936e+05 8.6904e+04 9.4694e+04 8.2785e+04 9.7346e+04 1.0504e+05 7.8829e+04 9.4101e+04 7.4785e+04 1.0936e+05 8.4614e+04
  20.2500 8.4696e+04 6.8579e+04 1.0441e+05 7.0408e+04 1.0267e+05 8.1762e+04 8.9008e+04 7.7841e+04 9.1551e+04 9.8718e+04 7.4142e+04 8.8422e+04 7.0408e+04 1.0267e+05 7.9675e+04
  20.5000 7.9700e+04 6.4602e+04 9.8111e+04 6.6328e+04 9.6467e+04 7.6974e+04 8.3719e+04 7.3242e+04 8.6158e+04 9.2839e+04 6.9780e+04 8.3142e+04 6.6328e+04 9.6467e+04 7.5071e+04
  20.7500 7.5048e+04 6.0893e+04 9.2253e+04 6.2523e+04 9.0696e+04 7.2514e+04 7.8798e+04 6.8960e+04 8.1135e+04 8.7368e+04 6.5717e+04 7.8229e+04 6.2523e+04 9.0696e+04 7.0776e+04
  21.0000 7.0712e+04 5.7432e+04 8.6801e+04 5.8972e+04 8.5328e+04 6.8355e+04 7.4215e+04 6.4970e+04 7.6454e+04 8.2274e+04 6.1931e+04 7.3654e+04 5.8972e+04 8.5328e+04 6.6766e+04
  21.2500 6.6670e+04 5.4200e+04 8.1725e+04 5.5656e+04 8.0330e+04 6.4474e+04 6.9944e+04 6.1250e+04 7.2089e+04 7.7528e+04 5.8399e+04 6.9390e+04 5.5656e+04 8.0330e+04 6.3020e+04
  21.5000 6.2898e+04 5.1179e+04 7.6995e+04 5.2556e+04 7.5672e+04 6.0851e+04 6.5960e+04 5.7780e+04 6.8015e+04 7.3102e+04 5.5102e+04 6.5414e+04 5.2556e+04 7.5672e+04 5.9518e+04
  21.7500 5.9373e+04 4.8354e+04 7.2584e+04 4.9657e+04 7.1328e+04 5.7464e+04 6.2240e+04 5.4538e+04 6.4208e+04 6.8968e+04 5.2022e+04 6.1704e+04 4.9657e+04 7.1328e+04 5.6242e+04
  22.0000 5.6078e+04 4.5710e+04 6.8466e+04 4.6944e+04 6.7275e+04 5.4295e+04 5.8764e+04 5.1507e+04 6.0648e+04 6.5105e+04 4.9141e+04 5.8238e+04 4.6944e+04 6.7275e+04 5.3176e+04
  22.2500 5.2994e+04 4.3234e+04 6.4621e+04 4.4403e+04 6.3490e+04 5.1329e+04 5.5513e+04 4.8671e+04 5.7316e+04 6.1492e+04 4.6446e+04 5.4998e+04 4.4403e+04 6.3490e+04 5.0304e+04
  22.5000 5.0107e+04 4.0913e+04 6.1027e+04 4.2022e+04 5.9952e+04 4.8550e+04 5.2471e+04 4.6017e+04 5.4197e+04 5.8110e+04 4.3922e+04 5.1968e+04 4.2022e+04 5.9952e+04 4.7612e+04
  22.7500 4.7403e+04 3.8738e+04 5.7665e+04 3.9790e+04 5.6644e+04 4.5945e+04 4.9622e+04 4.3530e+04 5.1275e+04 5.4944e+04 4.1557e+04 4.9132e+04 3.9790e+04 5.6644e+04 4.5087e+04
  23.0000 4.4868e+04 3.6697e+04 5.4519e+04 3.7695e+04 5.3548e+04 4.3502e+04 4.6954e+04 4.1199e+04 4.8535e+04 5.1978e+04 3.9340e+04 4.6476e+04 3.7695e+04 5.3548e+04 4.2718e+04
  23.2500 4.2490e+04 3.4781e+04 5.1573e+04 3.5729e+04 5.0650e+04 4.1210e+04 4.4452e+04 3.9014e+04 4.5966e+04 4.9197e+04 3.7260e+04 4.3988e+04 3.5729e+04 5.0650e+04 4.0493e+04
  23.5000 4.0259e+04 3.2981e+04 4.8812e+04 3.3882e+04 4.7933e+04 3.9058e+04 4.2105e+04 3.6963e+04 4.3554e+04 4.6588e+04 3.5308e+04 4.1654e+04 3.3882e+04 4.7933e+04 3.8403e+04
  23.7500 3.8164e+04 3.1290e+04 4.6224e+04 3.2147e+04 4.5386e+04 3.7036e+04 3.9902e+04 3.5037e+04 4.1289e+04 4.4140e+04 3.3475e+04 3.9464e+04 3.2147e+04 4.5386e+04 3.6438e+04
  24.0000 3.6195e+04 2.9699e+04 4.3795e+04 3.0514e+04 4.2997e+04 3.5136e+04 3.7833e+04 3.3228e+04 3.9161e+04 4.1842e+04 3.1752e+04 3.7408e+04 3.0514e+04 4.2997e+04 3.4590e+04
  24.2500 3.4344e+04 2.8203e+04 4.1514e+04 2.8978e+04 4.0754e+04 3.3349e+04 3.5889e+04 3.1527e+04 3.7161e+04 3.9682e+04 3.0133e+04 3.5477e+04 2.8978e+04 4.0754e+04 3.2851e+04
  24.5000 3.2604e+04 2.6794e+04 3.9372e+04 2.7533e+04 3.8648e+04 3.1668e+04 3.4061e+04 2.9928e+04 3.5279e+04 3.7651e+04 2.8610e+04 3.3662e+04 2.7533e+04 3.8648e+04 3.1213e+04
  24.7500 3.0966e+04 2.5467e+04 3.7358e+04 2.6171e+04 3.6668e+04 3.0085e+04 3.2341e+04 2.8423e+04 3.3508e+04 3.5742e+04 2.7176e+04 3.1955e+04 2.6171e+04 3.6668e+04 2.9670e+04
  25.0000 2.9424e+04 2.4217e+04 3.5464e+04 2.4887e+04 3.4806e+04 2.8594e+04 3.0722e+04 2.7007e+04 3.1840e+04 3.3945e+04 2.5825e+04 3.0348e+04 2.4887e+04 3.4806e+04 2.8216e+04
  25.2500 2.7971e+04 2.3038e+04 3.3682e+04 2.3677e+04 3.3053e+04 2.7189e+04 2.9198e+04 2.5672e+04 3.0269e+04 3.2253e+04 2.4553e+04 2.8836e+04 2.3677e+04 3.3053e+04 2.6844e+04
  25.5000 2.6602e+04 2.1926e+04 3.2004e+04 2.2536e+04 3.1404e+04 2.5864e+04 2.7762e+04 2.4415e+04 2.8788e+04 3.0660e+04 2.3354e+04 2.7411e+04 2.2536e+04 3.1404e+04 2.5550e+04
  25.7500 2.5311e+04 2.0877e+04 3.0423e+04 2.1458e+04 2.9850e+04 2.4615e+04 2.6408e+04 2.3229e+04 2.7392e+04 2.9158e+04 2.2223e+04 2.6068e+04 2.1458e+04 2.9850e+04 2.4329e+04
  26.0000 2.4093e+04 1.9886e+04 2.8934e+04 2.0441e+04 2.8386e+04 2.3436e+04 2.5131e+04 2.2111e+04 2.6074e+04 2.7742e+04 2.1156e+04 2.4801e+04 2.0441e+04 2.8386e+04 2.3175e+04
  26.2500 2.2944e+04 1.8950e+04 2.7528e+04 1.9480e+04 2.7005e+04 2.2323e+04 2.3926e+04 2.1056e+04 2.4831e+04 2.6406e+04 2.0149e+04 2.3606e+04 1.9480e+04 2.7005e+04 2.2085e+04
  26.5000 2.1858e+04 1.8065e+04 2.6203e+04 1.8571e+04 2.5702e+04 2.1272e+04 2.2788e+04 2.0058e+04 2.3656e+04 2.5145e+04 1.9197e+04 2.2478e+04 1.8571e+04 2.5702e+04 2.1054e+04
  26.7500 2.0831e+04 1.7228e+04 2.4951e+04 1.7711e+04 2.4472e+04 2.0277e+04 2.1713e+04 1.9116e+04 2.2546e+04 2.3954e+04 1.8298e+04 2.1413e+04 1.7711e+04 2.4472e+04 2.0080e+04
  27.0000 1.9861e+04 1.6436e+04 2.3769e+04 1.6898e+04 2.3311e+04 1.9337e+04 2.0696e+04 1.8226e+04 2.1496e+04 2.2828e+04 1.7447e+04 2.0406e+04 1.6898e+04 2.3311e+04 1.9157e+04
  27.2500 1.8943e+04 1.5686e+04 2.2652e+04 1.6127e+04 2.2214e+04 1.8447e+04 1.9735e+04 1.7383e+04 2.0502e+04 2.1764e+04 1.6642e+04 1.9454e+04 1.6127e+04 2.2214e+04 1.8284e+04
  27.5000 1.8074e+04 1.4976e+04 2.1597e+04 1.5398e+04 2.1177e+04 1.7605e+04 1.8826e+04 1.6586e+04 1.9563e+04 2.0758e+04 1.5881e+04 1.8554e+04 1.5398e+04 2.1177e+04 1.7457e+04
  27.7500 1.7252e+04 1.4303e+04 2.0598e+04 1.4706e+04 2.0196e+04 1.6807e+04 1.7965e+04 1.5831e+04 1.8673e+04 1.9805e+04 1.5160e+04 1.7703e+04 1.4706e+04 2.0196e+04 1.6673e+04
  28.0000 1.6473e+04 1.3665e+04 1.9653e+04 1.4051e+04 1.9268e+04 1.6052e+04 1.7150e+04 1.5116e+04 1.7830e+04 1.8903e+04 1.4476e+04 1.6896e+04 1.4051e+04 1.9268e+04 1.5930e+04
  28.2500 1.5735e+04 1.3060e+04 1.8759e+04 1.3430e+04 1.8390e+04 1.5335e+04 1.6378e+04 1.4439e+04 1.7031e+04 1.8049e+04 1.3829e+04 1.6133e+04 1.3430e+04 1.8390e+04 1.5226e+04
  28.5000 1.5035e+04 1.2486e+04 1.7912e+04 1.2840e+04 1.7558e+04 1.4656e+04 1.5646e+04 1.3797e+04 1.6274e+04 1.7239e+04 1.3215e+04 1.5410e+04 1.2840e+04 1.7558e+04 1.4558e+04
  28.7500 1.4372e+04 1.1942e+04 1.7109e+04 1.2280e+04 1.6770e+04 1.4012e+04 1.4953e+04 1.3188e+04 1.5556e+04 1.6472e+04 1.2633e+04 1.4724e+04 1.2280e+04 1.6770e+04 1.3923e+04
  29.0000 1.3742e+04 1.1425e+04 1.6348e+04 1.1749e+04 1.6024e+04 1.3400e+04 1.4294e+04 1.2610e+04 1.4874e+04 1.5744e+04 1.2081e+04 1.4074e+04 1.1749e+04 1.6024e+04 1.3321e+04
  29.2500 1.3145e+04 1.0934e+04 1.5627e+04 1.1245e+04 1.5315e+04 1.2820e+04 1.3670e+04 1.2062e+04 1.4227e+04 1.5054e+04 1.1557e+04 1.3457e+04 1.1245e+04 1.5315e+04 1.2750e+04
  29.5000 1.2578e+04 1.0467e+04 1.4942e+04 1.0765e+04 1.4644e+04 1.2269e+04 1.3077e+04 1.1542e+04 1.3613e+04 1.4399e+04 1.1059e+04 1.2871e+04 1.0765e+04 1.4644e+04 1.2206e+04
  29.7500 1.2039e+04 1.0024e+04 1.4292e+04 1.0310e+04 1.4006e+04 1.1745e+04 1.2514e+04 1.1047e+04 1.3030e+04 1.3777e+04 1.0586e+04 1.2315e+04 1.0310e+04 1.4006e+04 1.1690e+04
  30.0000 1.1526e+04 9.6024e+03 1.3675e+04 9.8764e+03 1.3400e+04 1.1247e+04 1.1980e+04 1.0577e+04 1.2476e+04 1.3186e+04 1.0136e+04 1.1787e+04 9.8764e+03 1.3400e+04 1.1199e+04
  30.2500 1.1040e+04 9.2015e+03 1.3090e+04 9.4643e+03 1.2826e+04 1.0774e+04 1.1471e+04 1.0131e+04 1.1949e+04 1.2624e+04 9.7090e+03 1.1285e+04 9.4643e+03 1.2826e+04 1.0732e+04
  30.5000 1.0577e+04 8.8201e+03 1.2533e+04 9.0723e+03 1.2279e+04 1.0324e+04 1.0988e+04 9.7061e+03 1.1448e+04 1.2091e+04 9.3027e+03 1.0808e+04 9.0723e+03 1.2279e+04 1.0288e+04
  30.7500 1.0136e+04 8.4571e+03 1.2003e+04 8.6991e+03 1.1760e+04 9.8952e+03 1.0529e+04 9.3021e+03 1.0971e+04 1.1583e+04 8.9160e+03 1.0355e+04 8.6991e+03 1.1760e+04 9.8651e+03
  31.0000 9.7174e+03 8.1115e+03 1.1500e+04 8.3438e+03 1.1266e+04 9.4875e+03 1.0092e+04 8.9177e+03 1.0517e+04 1.1100e+04 8.5480e+03 9.9235e+03 8.3438e+03 1.1266e+04 9.4625e+03
  31.2500 9.3184e+03 7.7823e+03 1.1021e+04 8.0054e+03 1.0796e+04 9.0993e+03 9.6754e+03 8.5518e+03 1.0085e+04 1.0641e+04 8.1977e+03 9.5129e+03 8.0054e+03 1.0796e+04 9.0791e+03
  31.5000 8.9385e+03 7.4687e+03 1.0566e+04 7.6831e+03 1.0349e+04 8.7296e+03 9.2793e+03 8.2033e+03 9.6737e+03 1.0204e+04 7.8640e+03 9.1220e+03 7.6831e+03 1.0349e+04 8.7138e+03
  31.7500 8.5766e+03 7.1698e+03 1.0132e+04 7.3758e+03 9.9239e+03 8.3773e+03 8.9020e+03 7.8714e+03 9.2818e+03 9.7874e+03 7.5461e+03 8.7497e+03 7.3758e+03 9.9239e+03 8.3656e+03
  32.0000 8.2317e+03 6.8848e+03 9.7186e+03 7.0828e+03 9.5187e+03 8.0415e+03 8.5426e+03 7.5550e+03 8.9083e+03 9.3907e+03 7.2432e+03 8.3951e+03 7.0828e+03 9.5187e+03 8.0335e+03
  32.2500 7.9029e+03 6.6129e+03 9.3250e+03 6.8032e+03 9.1327e+03 7.7213e+03 8.2001e+03 7.2534e+03 8.5523e+03 9.0127e+03 6.9543e+03 8.0571e+03 6.8032e+03 9.1327e+03 7.7167e+03
  32.5000 7.5893e+03 6.3535e+03 8.9500e+03 6.5365e+03 8.7649e+03 7.4159e+03 7.8736e+03 6.9658e+03 8.2128e+03 8.6523e+03 6.6788e+03 7.7350e+03 6.5365e+03 8.7649e+03 7.4142e+03
  32.7500 7.2901e+03 6.1058e+03 8.5925e+03 6.2818e+03 8.4143e+03 7.1245e+03 7.5622e+03 6.6914e+03 7.8889e+03 8.3086e+03 6.4159e+03 7.4278e+03 6.2818e+03 8.4143e+03 7.1255e+03
  33.0000 7.0047e+03 5.8693e+03 8.2517e+03 6.0386e+03 8.0800e+03 6.8464e+03 7.2652e+03 6.4296e+03 7.5798e+03 7.9808e+03 6.1651e+03 7.1347e+03 6.0386e+03 8.0800e+03 6.8498e+03
  33.2500 6.7322e+03 5.6435e+03 7.9265e+03 5.8064e+03 7.7612e+03 6.5808e+03 6.9817e+03 6.1797e+03 7.2847e+03 7.6679e+03 5.9256e+03 6.8551e+03 5.8064e+03 7.7612e+03 6.5863e+03
  33.5000 6.4720e+03 5.4277e+03 7.6162e+03 5.5845e+03 7.4569e+03 6.3272e+03 6.7111e+03 5.9411e+03 7.0030e+03 7.3693e+03 5.6969e+03 6.5882e+03 5.5845e+03 7.4569e+03 6.3346e+03
  33.7500 6.2235e+03 5.2215e+03 7.3200e+03 5.3724e+03 7.1665e+03 6.0850e+03 6.4528e+03 5.7131e+03 6.7339e+03 7.0841e+03 5.4785e+03 6.3334e+03 5.3724e+03 7.1665e+03 6.0940e+03
  34.0000 5.9861e+03 5.0243e+03 7.0373e+03 5.1696e+03 6.8893e+03 5.8535e+03 6.2060e+03 5.4954e+03 6.4768e+03 6.8118e+03 5.2697e+03 6.0900e+03 5.1696e+03 6.8893e+03 5.8640e+03
  34.2500 5.7591e+03 4.8358e+03 6.7672e+03 4.9757e+03 6.6245e+03 5.6322e+03 5.9702e+03 5.2872e+03 6.2311e+03 6.5516e+03 5.0702e+03 5.8574e+03 4.9757e+03 6.6245e+03 5.6440e+03
  34.5000 5.5421e+03 4.6555e+03 6.5091e+03 4.7902e+03 6.3715e+03 5.4206e+03 5.7448e+03 5.0882e+03 5.9961e+03 6.3029e+03 4.8794e+03 5.6352e+03 4.7902e+03 6.3715e+03 5.4335e+03
  34.7500 5.3346e+03 4.4829e+03 6.2625e+03 4.6128e+03 6.1298e+03 5.2182e+03 5.5293e+03 4.8979e+03 5.7715e+03 6.0652e+03 4.6970e+03 5.4227e+03 4.6128e+03 6.1298e+03 5.2321e+03
  35.0000 5.1362e+03 4.3178e+03 6.0267e+03 4.4429e+03 5.8986e+03 5.0246e+03 5.3232e+03 4.7159e+03 5.5566e+03 5.8378e+03 4.5224e+03 5.2195e+03 4.4429e+03 5.8986e+03 5.0394e+03
  35.2500 4.9462e+03 4.1597e+03 5.8012e+03 4.2803e+03 5.6776e+03 4.8393e+03 5.1261e+03 4.5417e+03 5.3509e+03 5.6204e+03 4.3554e+03 5.0252e+03 4.2803e+03 5.6776e+03 4.8549e+03
  35.5000 4.7645e+03 4.0084e+03 5.5856e+03 4.1246e+03 5.4662e+03 4.6619e+03 4.9374e+03 4.3749e+03 5.1541e+03 5.4123e+03 4.1956e+03 4.8392e+03 4.1246e+03 5.4662e+03 4.6781e+03
  35.7500 4.5904e+03 3.8634e+03 5.3792e+03 3.9754e+03 5.2640e+03 4.4921e+03 4.7568e+03 4.2153e+03 4.9657e+03 5.2131e+03 4.0425e+03 4.6612e+03 3.9754e+03 5.2640e+03 4.5089e+03
  36.0000 4.4238e+03 3.7245e+03 5.1817e+03 3.8325e+03 5.0704e+03 4.3294e+03 4.5839e+03 4.0624e+03 4.7852e+03 5.0224e+03 3.8959e+03 4.4908e+03 3.8325e+03 5.0704e+03 4.3467e+03
  36.2500 4.2641e+03 3.5913e+03 4.9925e+03 3.6956e+03 4.8851e+03 4.1735e+03 4.4182e+03 3.9160e+03 4.6124e+03 4.8399e+03 3.7554e+03 4.3276e+03 3.6956e+03 4.8851e+03 4.1913e+03
  36.5000 4.1111e+03 3.4637e+03 4.8114e+03 3.5643e+03 4.7076e+03 4.0242e+03 4.2596e+03 3.7757e+03 4.4467e+03 4.6650e+03 3.6208e+03 4.1713e+03 3.5643e+03 4.7076e+03 4.0423e+03
  36.7500 3.9645e+03 3.3414e+03 4.6379e+03 3.4384e+03 4.5376e+03 3.8810e+03 4.1075e+03 3.6412e+03 4.2880e+03 4.4974e+03 3.4918e+03 4.0215e+03 3.4384e+03 4.5376e+03 3.8995e+03
  37.0000 3.8239e+03 3.2241e+03 4.4717e+03 3.3177e+03 4.3747e+03 3.7437e+03 3.9617e+03 3.5123e+03 4.1358e+03 4.3368e+03 3.3682e+03 3.8780e+03 3.3177e+03 4.3747e+03 3.7625e+03
  37.2500 3.6892e+03 3.1115e+03 4.3123e+03 3.2019e+03 4.2186e+03 3.6121e+03 3.8220e+03 3.3886e+03 3.9898e+03 4.1828e+03 3.2496e+03 3.7404e+03 3.2019e+03 4.2186e+03 3.6311e+03
  37.5000 3.5599e+03 3.0035e+03 4.1595e+03 3.0908e+03 4.0689e+03 3.4858e+03 3.6879e+03 3.2700e+03 3.8498e+03 4.0352e+03 3.1358e+03 3.6084e+03 3.0908e+03 4.0689e+03 3.5050e+03
  37.7500 3.4358e+03 2.8999e+03 4.0130e+03 2.9842e+03 3.9253e+03 3.3646e+03 3.5593e+03 3.1563e+03 3.7155e+03 3.8936e+03 3.0267e+03 3.4818e+03 2.9842e+03 3.9253e+03 3.3840e+03
  38.0000 3.3168e+03 2.8004e+03 3.8724e+03 2.8818e+03 3.7877e+03 3.2483e+03 3.4359e+03 3.0471e+03 3.5867e+03 3.7577e+03 2.9219e+03 3.3604e+03 2.8818e+03 3.7877e+03 3.2679e+03
  38.2500 3.2025e+03 2.7048e+03 3.7376e+03 2.7835e+03 3.6556e+03 3.1367e+03 3.3175e+03 2.9422e+03 3.4629e+03 3.6274e+03 2.8213e+03 3.2438e+03 2.7835e+03 3.6556e+03 3.1564e+03
  38.5000 3.0928e+03 2.6131e+03 3.6082e+03 2.6891e+03 3.5288e+03 3.0295e+03 3.2038e+03 2.8416e+03 3.3442e+03 3.5022e+03 2.7248e+03 3.1319e+03 2.6891e+03 3.5288e+03 3.0493e+03
  38.7500 2.9874e+03 2.5249e+03 3.4839e+03 2.5983e+03 3.4072e+03 2.9265e+03 3.0946e+03 2.7449e+03 3.2301e+03 3.3821e+03 2.6320e+03 3.0245e+03 2.5983e+03 3.4072e+03 2.9464e+03
  39.0000 2.8862e+03 2.4402e+03 3.3646e+03 2.5112e+03 3.2903e+03 2.8276e+03 2.9896e+03 2.6521e+03 3.1205e+03 3.2667e+03 2.5429e+03 2.9214e+03 2.5112e+03 3.2903e+03 2.8476e+03
  39.2500 2.7890e+03 2.3588e+03 3.2501e+03 2.4274e+03 3.1782e+03 2.7325e+03 2.8888e+03 2.5629e+03 3.0152e+03 3.1559e+03 2.4574e+03 2.8223e+03 2.4274e+03 3.1782e+03 2.7525e+03
  39.5000 2.6956e+03 2.2805e+03 3.1401e+03 2.3469e+03 3.0704e+03 2.6412e+03 2.7920e+03 2.4772e+03 2.9141e+03 3.0494e+03 2.3751e+03 2.7272e+03 2.3469e+03 3.0704e+03 2.6612e+03
  39.7500 2.6058e+03 2.2053e+03 3.0343e+03 2.2694e+03 2.9669e+03 2.5534e+03 2.6988e+03 2.3948e+03 2.8168e+03 2.9472e+03 2.2960e+03 2.6357e+03 2.2694e+03 2.9669e+03 2.5733e+03
  40.0000 2.5194e+03 2.1329e+03 2.9327e+03 2.1949e+03 2.8675e+03 2.4689e+03 2.6093e+03 2.3155e+03 2.7234e+03 2.8488e+03 2.2200e+03 2.5478e+03 2.1949e+03 2.8675e+03 2.4888e+03
  40.2500 2.4364e+03 2.0632e+03 2.8351e+03 2.1232e+03 2.7719e+03 2.3877e+03 2.5232e+03 2.2393e+03 2.6335e+03 2.7543e+03 2.1469e+03 2.4633e+03 2.1232e+03 2.7719e+03 2.4075e+03
  40.5000 2.3565e+03 1.9962e+03 2.7412e+03 2.0543e+03 2.6800e+03 2.3096e+03 2.4404e+03 2.1660e+03 2.5470e+03 2.6634e+03 2.0766e+03 2.3820e+03 2.0543e+03 2.6800e+03 2.3292e+03
  40.7500 2.2797e+03 1.9317e+03 2.6509e+03 1.9879e+03 2.5916e+03 2.2345e+03 2.3607e+03 2.0955e+03 2.4638e+03 2.5760e+03 2.0089e+03 2.3038e+03 1.9879e+03 2.5916e+03 2.2540e+03
  41.0000 2.2057e+03 1.8696e+03 2.5640e+03 1.9240e+03 2.5066e+03 2.1621e+03 2.2840e+03 2.0276e+03 2.3838e+03 2.4919e+03 1.9438e+03 2.2287e+03 1.9240e+03 2.5066e+03 2.1815e+03
  41.2500 2.1345e+03 1.8098e+03 2.4805e+03 1.8625e+03 2.4249e+03 2.0925e+03 2.2102e+03 1.9623e+03 2.3068e+03 2.4109e+03 1.8811e+03 2.1563e+03 1.8625e+03 2.4249e+03 2.1117e+03
  41.5000 2.0660e+03 1.7522e+03 2.4001e+03 1.8032e+03 2.3462e+03 2.0255e+03 2.1392e+03 1.8994e+03 2.2326e+03 2.3330e+03 1.8208e+03 2.0867e+03 1.8032e+03 2.3462e+03 2.0445e+03
  41.7500 2.0001e+03 1.6968e+03 2.3227e+03 1.7461e+03 2.2705e+03 1.9609e+03 2.0708e+03 1.8389e+03 2.1612e+03 2.2581e+03 1.7627e+03 2.0196e+03 1.7461e+03 2.2705e+03 1.9797e+03
  42.0000 1.9365e+03 1.6433e+03 2.2482e+03 1.6912e+03 2.1976e+03 1.8988e+03 2.0049e+03 1.7805e+03 2.0925e+03 2.1859e+03 1.7068e+03 1.9551e+03 1.6912e+03 2.1976e+03 1.9173e+03
  42.2500 1.8753e+03 1.5918e+03 2.1764e+03 1.6382e+03 2.1274e+03 1.8389e+03 1.9414e+03 1.7244e+03 2.0262e+03 2.1163e+03 1.6529e+03 1.8929e+03 1.6382e+03 2.1274e+03 1.8572e+03
  42.5000 1.8164e+03 1.5422e+03 2.1073e+03 1.5871e+03 2.0598e+03 1.7812e+03 1.8802e+03 1.6702e+03 1.9624e+03 2.0494e+03 1.6009e+03 1.8331e+03 1.5871e+03 2.0598e+03 1.7993e+03
  42.7500 1.7595e+03 1.4944e+03 2.0408e+03 1.5379e+03 1.9947e+03 1.7256e+03 1.8213e+03 1.6181e+03 1.9009e+03 1.9849e+03 1.5509e+03 1.7754e+03 1.5379e+03 1.9947e+03 1.7435e+03
  43.0000 1.7048e+03 1.4483e+03 1.9767e+03 1.4904e+03 1.9320e+03 1.6720e+03 1.7645e+03 1.5678e+03 1.8417e+03 1.9227e+03 1.5027e+03 1.7198e+03 1.4904e+03 1.9320e+03 1.6896e+03
  43.2500 1.6520e+03 1.4038e+03 1.9149e+03 1.4446e+03 1.8715e+03 1.6203e+03 1.7098e+03 1.5193e+03 1.7845e+03 1.8628e+03 1.4561e+03 1.6662e+03 1.4446e+03 1.8715e+03 1.6377e+03
  43.5000 1.6011e+03 1.3609e+03 1.8553e+03 1.4005e+03 1.8133e+03 1.5704e+03 1.6570e+03 1.4726e+03 1.7295e+03 1.8050e+03 1.4113e+03 1.6146e+03 1.4005e+03 1.8133e+03 1.5877e+03
  43.7500 1.5520e+03 1.3195e+03 1.7979e+03 1.3579e+03 1.7571e+03 1.5224e+03 1.6061e+03 1.4275e+03 1.6763e+03 1.7493e+03 1.3680e+03 1.5648e+03 1.3579e+03 1.7571e+03 1.5393e+03
  44.0000 1.5046e+03 1.2796e+03 1.7425e+03 1.3168e+03 1.7030e+03 1.4760e+03 1.5570e+03 1.3840e+03 1.6251e+03 1.6956e+03 1.3263e+03 1.5168e+03 1.3168e+03 1.7030e+03 1.4927e+03
  44.2500 1.4589e+03 1.2411e+03 1.6891e+03 1.2772e+03 1.6507e+03 1.4313e+03 1.5096e+03 1.3420e+03 1.5757e+03 1.6438e+03 1.2861e+03 1.4705e+03 1.2772e+03 1.6507e+03 1.4478e+03
  44.5000 1.4149e+03 1.2039e+03 1.6376e+03 1.2389e+03 1.6003e+03 1.3881e+03 1.4639e+03 1.3016e+03 1.5280e+03 1.5939e+03 1.2472e+03 1.4258e+03 1.2389e+03 1.6003e+03 1.4043e+03
  44.7500 1.3723e+03 1.1680e+03 1.5879e+03 1.2019e+03 1.5518e+03 1.3464e+03 1.4198e+03 1.2625e+03 1.4820e+03 1.5457e+03 1.2098e+03 1.3826e+03 1.2019e+03 1.5518e+03 1.3624e+03
  45.0000 1.3312e+03 1.1333e+03 1.5399e+03 1.1662e+03 1.5049e+03 1.3062e+03 1.3772e+03 1.2248e+03 1.4376e+03 1.4991e+03 1.1736e+03 1.3410e+03 1.1662e+03 1.5049e+03 1.3220e+03
  45.2500 1.2916e+03 1.0998e+03 1.4937e+03 1.1318e+03 1.4596e+03 1.2674e+03 1.3361e+03 1.1884e+03 1.3947e+03 1.4542e+03 1.1387e+03 1.3009e+03 1.1318e+03 1.4596e+03 1.2829e+03
  45.5000 1.2533e+03 1.0675e+03 1.4490e+03 1.0985e+03 1.4159e+03 1.2299e+03 1.2964e+03 1.1532e+03 1.3533e+03 1.4108e+03 1.1049e+03 1.2621e+03 1.0985e+03 1.4159e+03 1.2451e+03
  45.7500 1.2163e+03 1.0362e+03 1.4059e+03 1.0664e+03 1.3737e+03 1.1936e+03 1.2581e+03 1.1192e+03 1.3133e+03 1.3690e+03 1.0723e+03 1.2246e+03 1.0664e+03 1.3737e+03 1.2087e+03
  46.0000 1.1806e+03 1.0061e+03 1.3642e+03 1.0353e+03 1.3330e+03 1.1586e+03 1.2210e+03 1.0864e+03 1.2747e+03 1.3285e+03 1.0409e+03 1.1885e+03 1.0353e+03 1.3330e+03 1.1735e+03
  46.2500 1.1461e+03 9.7689e+02 1.3240e+03 1.0053e+03 1.2937e+03 1.1248e+03 1.1853e+03 1.0547e+03 1.2373e+03 1.2895e+03 1.0105e+03 1.1535e+03 1.0053e+03 1.2937e+03 1.1394e+03
  46.5000 1.1128e+03 9.4870e+02 1.2851e+03 9.7628e+02 1.2557e+03 1.0922e+03 1.1507e+03 1.0241e+03 1.2013e+03 1.2517e+03 9.8107e+02 1.1198e+03 9.7628e+02 1.2557e+03 1.1065e+03
  46.7500 1.0805e+03 9.2145e+02 1.2475e+03 9.4823e+02 1.2190e+03 1.0606e+03 1.1173e+03 9.9447e+02 1.1664e+03 1.2153e+03 9.5267e+02 1.0872e+03 9.4823e+02 1.2190e+03 1.0747e+03
  47.0000 1.0494e+03 8.9510e+02 1.2113e+03 9.2112e+02 1.1835e+03 1.0300e+03 1.0850e+03 9.6585e+02 1.1328e+03 1.1800e+03 9.2522e+02 1.0556e+03 9.2112e+02 1.1835e+03 1.0440e+03
  47.2500 1.0193e+03 8.6962e+02 1.1762e+03 8.9489e+02 1.1492e+03 1.0005e+03 1.0538e+03 9.3818e+02 1.1002e+03 1.1460e+03 8.9868e+02 1.0252e+03 8.9489e+02 1.1492e+03 1.0142e+03
  47.5000 9.9015e+02 8.4498e+02 1.1423e+03 8.6953e+02 1.1160e+03 9.7200e+02 1.0237e+03 9.1143e+02 1.0687e+03 1.1130e+03 8.7302e+02 9.9572e+02 8.6953e+02 1.1160e+03 9.8548e+02
  47.7500 9.6199e+02 8.2114e+02 1.1095e+03 8.4500e+02 1.0840e+03 9.4441e+02 9.9452e+02 8.8555e+02 1.0383e+03 1.0812e+03 8.4821e+02 9.6725e+02 8.4500e+02 1.0840e+03 9.5767e+02
  48.0000 9.3476e+02 7.9808e+02 1.0779e+03 8.2127e+02 1.0530e+03 9.1771e+02 9.6631e+02 8.6053e+02 1.0089e+03 1.0504e+03 8.2420e+02 9.3972e+02 8.2127e+02 1.0530e+03 9.3076e+02
  48.2500 9.0842e+02 7.7577e+02 1.0472e+03 7.9831e+02 1.0231e+03 8.9189e+02 9.3903e+02 8.3632e+02 9.8038e+02 1.0207e+03 8.0099e+02 9.1309e+02 7.9831e+02 1.0231e+03 9.0472e+02
  48.5000 8.8293e+02 7.5418e+02 1.0176e+03 7.7608e+02 9.9414e+02 8.6691e+02 9.1264e+02 8.1290e+02 9.5283e+02 9.9187e+02 7.7852e+02 8.8733e+02 7.7608e+02 9.9414e+02 8.7953e+02
  48.7500 8.5827e+02 7.3327e+02 9.8895e+02 7.5457e+02 9.6612e+02 8.4273e+02 8.8711e+02 7.9023e+02 9.2618e+02 9.6401e+02 7.5679e+02 8.6241e+02 7.5457e+02 9.6612e+02 8.5514e+02
  49.0000 8.3440e+02 7.1304e+02 9.6122e+02 7.3375e+02 9.3902e+02 8.1933e+02 8.6240e+02 7.6830e+02 9.0039e+02 9.3706e+02 7.3575e+02 8.3830e+02 7.3375e+02 9.3902e+02 8.3153e+02
  49.2500 8.1131e+02 6.9345e+02 9.3439e+02 7.1359e+02 9.1279e+02 7.9668e+02 8.3849e+02 7.4706e+02 8.7543e+02 9.1098e+02 7.1539e+02 8.1497e+02 7.1359e+02 9.1279e+02 8.0867e+02
  49.5000 7.8894e+02 6.7448e+02 9.0843e+02 6.9407e+02 8.8741e+02 7.7476e+02 8.1535e+02 7.2650e+02 8.5126e+02 8.8574e+02 6.9568e+02 7.9238e+02 6.9407e+02 8.8741e+02 7.8654e+02
  49.7500 7.6729e+02 6.5611e+02 8.8330e+02 6.7516e+02 8.6285e+02 7.5353e+02 7.9294e+02 7.0660e+02 8.2787e+02 8.6130e+02 6.7659e+02 7.7052e+02 6.7516e+02 8.6285e+02 7.6511e+02
  50.0000 7.4633e+02 6.3831e+02 8.5898e+02 6.5685e+02 8.3907e+02 7.3297e+02 7.7124e+02 6.8732e+02 8.0522e+02 8.3764e+02 6.5811e+02 7.4935e+02 6.5685e+02 8.3907e+02 7.4434e+02
  50.2500 7.2602e+02 6.2108e+02 8.3542e+02 6.3911e+02 8.1604e+02 7.1305e+02 7.5023e+02 6.6865e+02 7.8328e+02 8.1473e+02 6.4021e+02 7.2886e+02 6.3911e+02 8.1604e+02 7.2423e+02
  50.5000 7.0635e+02 6.0437e+02 8.1262e+02 6.2192e+02 7.9375e+02 6.9376e+02 7.2988e+02 6.5057e+02 7.6203e+02 7.9255e+02 6.2287e+02 7.0900e+02 6.2192e+02 7.9375e+02 7.0475e+02
  50.7500 6.8730e+02 5.8819e+02 7.9053e+02 6.0526e+02 7.7216e+02 6.7508e+02 7.1017e+02 6.3304e+02 7.4145e+02 7.7106e+02 6.0607e+02 6.8978e+02 6.0526e+02 7.7216e+02 6.8586e+02
  51.0000 6.6884e+02 5.7250e+02 7.6913e+02 5.8912e+02 7.5125e+02 6.5697e+02 6.9107e+02 6.1606e+02 7.2151e+02 7.5024e+02 5.8979e+02 6.7115e+02 5.8912e+02 7.5125e+02 6.6757e+02
  51.2500 6.5095e+02 5.5730e+02 7.4841e+02 5.7348e+02 7.3099e+02 6.3942e+02 6.7256e+02 5.9961e+02 7.0219e+02 7.3008e+02 5.7402e+02 6.5311e+02 5.7348e+02 7.3099e+02 6.4983e+02
  51.5000 6.3361e+02 5.4256e+02 7.2833e+02 5.5831e+02 7.1136e+02 6.2241e+02 6.5463e+02 5.8366e+02 6.8346e+02 7.1053e+02 5.5874e+02 6.3562e+02 5.5831e+02 7.1136e+02 6.3263e+02
  51.7500 6.1680e+02 5.2826e+02 7.0886e+02 5.4360e+02 6.9233e+02 6.0593e+02 6.3724e+02 5.6820e+02 6.6531e+02 6.9159e+02 5.4392e+02 6.1867e+02 5.4360e+02 6.9233e+02 6.1597e+02
  52.0000 6.0051e+02 5.1441e+02 6.9000e+02 5.2934e+02 6.7390e+02 5.8994e+02 6.2039e+02 5.5321e+02 6.4772e+02 6.7324e+02 5.2955e+02 6.0225e+02 5.2934e+02 6.7390e+02 5.9980e+02
  52.2500 5.8472e+02 5.0097e+02 6.7172e+02 5.1551e+02 6.5603e+02 5.7445e+02 6.0405e+02 5.3868e+02 6.3066e+02 6.5544e+02 5.1563e+02 5.8632e+02 5.1551e+02 6.5603e+02 5.8413e+02
  52.5000 5.6940e+02 4.8793e+02 6.5400e+02 5.0210e+02 6.3870e+02 5.5942e+02 5.8821e+02 5.2458e+02 6.1412e+02 6.3819e+02 5.0212e+02 5.7088e+02 5.0210e+02 6.3870e+02 5.6892e+02
  52.7500 5.5454e+02 4.7523e+02 6.3682e+02 4.8902e+02 6.2191e+02 5.4484e+02 5.7285e+02 5.1091e+02 5.9808e+02 6.2146e+02 4.8902e+02 5.5591e+02 4.8909e+02 6.2191e+02 5.5418e+02
  53.0000 5.4013e+02 4.6289e+02 6.2015e+02 4.7631e+02 6.0562e+02 5.3070e+02 5.5795e+02 4.9765e+02 5.8252e+02 6.0523e+02 4.7631e+02 5.4139e+02 4.7647e+02 6.0562e+02 5.3987e+02
  53.2500 5.2615e+02 4.5092e+02 6.0399e+02 4.6399e+02 5.8982e+02 5.1698e+02 5.4350e+02 4.8479e+02 5.6743e+02 5.8949e+02 4.6399e+02 5.2731e+02 4.6422e+02 5.8982e+02 5.2599e+02
  53.5000 5.1259e+02 4.3931e+02 5.8832e+02 4.5203e+02 5.7450e+02 5.0368e+02 5.2948e+02 4.7230e+02 5.5279e+02 5.7423e+02 4.5203e+02 5.1365e+02 4.5234e+02 5.7450e+02 5.1251e+02
  53.7500 4.9943e+02 4.2804e+02 5.7311e+02 4.4043e+02 5.5964e+02 4.9076e+02 5.1587e+02 4.6019e+02 5.3859e+02 5.5942e+02 4.4043e+02 5.0039e+02 4.4080e+02 5.5964e+02 4.9944e+02
  54.0000 4.8666e+02 4.1710e+02 5.5835e+02 4.2916e+02 5.4522e+02 4.7823e+02 5.0267e+02 4.4843e+02 5.2481e+02 5.4505e+02 4.2916e+02 4.8754e+02 4.2960e+02 5.4522e+02 4.8675e+02
  54.2500 4.7426e+02 4.0649e+02 5.4404e+02 4.1823e+02 5.3122e+02 4.6606e+02 4.8985e+02 4.3702e+02 5.1143e+02 5.3110e+02 4.1823e+02 4.7505e+02 4.1874e+02 5.3122e+02 4.7443e+02
  54.5000 4.6223e+02 3.9618e+02 5.3014e+02 4.0762e+02 5.1764e+02 4.5425e+02 4.7741e+02 4.2594e+02 4.9844e+02 5.1757e+02 4.0762e+02 4.6294e+02 4.0818e+02 5.1764e+02 4.6247e+02
  54.7500 4.5055e+02 3.8617e+02 5.1666e+02 3.9732e+02 5.0446e+02 4.4279e+02 4.6534e+02 4.1518e+02 4.8584e+02 5.0443e+02 3.9732e+02 4.5118e+02 3.9794e+02 5.0446e+02 4.5086e+02
  55.0000 4.3921e+02 3.7646e+02 5.0357e+02 3.8732e+02 4.9167e+02 4.3165e+02 4.5361e+02 4.0474e+02 4.7360e+02 4.9167e+02 3.8732e+02 4.3977e+02 3.8798e+02 4.9167e+02 4.3958e+02
  55.2500 4.2820e+02 3.6702e+02 4.9090e+02 3.7761e+02 4.7929e+02 4.2084e+02 4.4223e+02 3.9459e+02 4.6172e+02 4.7929e+02 3.7761e+02 4.2869e+02 3.7832e+02 4.7924e+02 4.2863e+02
  55.5000 4.1750e+02 3.5786e+02 4.7859e+02 3.6818e+02 4.6726e+02 4.1034e+02 4.3117e+02 3.8474e+02 4.5018e+02 4.6726e+02 3.6818e+02 4.1792e+02 3.6893e+02 4.6718e+02 4.1799e+02
  55.7500 4.0711e+02 3.4896e+02 4.6663e+02 3.5902e+02 4.5558e+02 4.0014e+02 4.2043e+02 3.7517e+02 4.3898e+02 4.5558e+02 3.5902e+02 4.0747e+02 3.5981e+02 4.5547e+02 4.0766e+02
  56.0000 3.9702e+02 3.4031e+02 4.5502e+02 3.5012e+02 4.4424e+02 3.9024e+02 4.1000e+02 3.6587e+02 4.2809e+02 4.4424e+02 3.5012e+02 3.9732e+02 3.5095e+02 4.4409e+02 3.9762e+02
  56.2500 3.8721e+02 3.3191e+02 4.4374e+02 3.4147e+02 4.3322e+02 3.8061e+02 3.9987e+02 3.5684e+02 4.1752e+02 4.3322e+02 3.4147e+02 3.8746e+02 3.4234e+02 4.3304e+02 3.8786e+02
  56.5000 3.7769e+02 3.2374e+02 4.3278e+02 3.3307e+02 4.2252e+02 3.7125e+02 3.9002e+02 3.4806e+02 4.0724e+02 4.2252e+02 3.3307e+02 3.7788e+02 3.3397e+02 4.2231e+02 3.7838e+02
  56.7500 3.6843e+02 3.1581e+02 4.2214e+02 3.2490e+02 4.1212e+02 3.6217e+02 3.8045e+02 3.3953e+02 3.9726e+02 4.1212e+02 3.2490e+02 3.6857e+02 3.2584e+02 4.1188e+02 3.6916e+02
  57.0000 3.5943e+02 3.0810e+02 4.1179e+02 3.1697e+02 4.0201e+02 3.5333e+02 3.7115e+02 3.3124e+02 3.8756e+02 4.0201e+02 3.1697e+02 3.5952e+02 3.1794e+02 4.0175e+02 3.6021e+02
  57.2500 3.5069e+02 3.0060e+02 4.0174e+02 3.0926e+02 3.9219e+02 3.4474e+02 3.6211e+02 3.2318e+02 3.7813e+02 3.9219e+02 3.0926e+02 3.5073e+02 3.1025e+02 3.9190e+02 3.5150e+02
  57.5000 3.4219e+02 2.9332e+02 3.9197e+02 3.0176e+02 3.8264e+02 3.3640e+02 3.5333e+02 3.1534e+02 3.6897e+02 3.8264e+02 3.0176e+02 3.4219e+02 3.0278e+02 3.8233e+02 3.4304e+02
  57.7500 3.3392e+02 2.8623e+02 3.8247e+02 2.9448e+02 3.7336e+02 3.2828e+02 3.4479e+02 3.0773e+02 3.6006e+02 3.7336e+02 2.9448e+02 3.3388e+02 2.9552e+02 3.7303e+02 3.3481e+02
  58.0000 3.2589e+02 2.7935e+02 3.7324e+02 2.8739e+02 3.6434e+02 3.2039e+02 3.3649e+02 3.0032e+02 3.5140e+02 3.6434e+02 2.8739e+02 3.2581e+02 2.8846e+02 3.6399e+02 3.2680e+02
  58.2500 3.1808e+02 2.7265e+02 3.6426e+02 2.8050e+02 3.5557e+02 3.1272e+02 3.2841e+02 2.9312e+02 3.4298e+02 3.5557e+02 2.8050e+02 3.1796e+02 2.8159e+02 3.5520e+02 3.1902e+02
  58.5000 3.1048e+02 2.6614e+02 3.5553e+02 2.7380e+02 3.4705e+02 3.0526e+02 3.2056e+02 2.8612e+02 3.3480e+02 3.4705e+02 2.7380e+02 3.1033e+02 2.7490e+02 3.4665e+02 3.1145e+02
  58.7500 3.0310e+02 2.5980e+02 3.4705e+02 2.6729e+02 3.3875e+02 2.9801e+02 3.1293e+02 2.7930e+02 3.2683e+02 3.3875e+02 2.6729e+02 3.0291e+02 2.6840e+02 3.3835e+02 3.0408e+02
  59.0000 2.9591e+02 2.5364e+02 3.3879e+02 2.6095e+02 3.3069e+02 2.9095e+02 3.0550e+02 2.7268e+02 3.1909e+02 3.3069e+02 2.6095e+02 2.9570e+02 2.6208e+02 3.3027e+02 2.9692e+02
  59.2500 2.8892e+02 2.4765e+02 3.3077e+02 2.5479e+02 3.2285e+02 2.8408e+02 2.9828e+02 2.6623e+02 3.1156e+02 3.2285e+02 2.5479e+02 2.8868e+02 2.5593e+02 3.2241e+02 2.8995e+02
  59.5000 2.8212e+02 2.4182e+02 3.2296e+02 2.4879e+02 3.1522e+02 2.7740e+02 2.9125e+02 2.5996e+02 3.0423e+02 3.1522e+02 2.4879e+02 2.8185e+02 2.4994e+02 3.1477e+02 2.8317e+02
  59.7500 2.7550e+02 2.3615e+02 3.1536e+02 2.4295e+02 3.0780e+02 2.7090e+02 2.8442e+02 2.5386e+02 2.9710e+02 3.0780e+02 2.4295e+02 2.7521e+02 2.4412e+02 3.0734e+02 2.7656e+02
  60.0000 2.6906e+02 2.3062e+02 3.0797e+02 2.3728e+02 3.0058e+02 2.6458e+02 2.7776e+02 2.4792e+02 2.9017e+02 3.0058e+02 2.3728e+02 2.6875e+02 2.3845e+02 3.0011e+02 2.7014e+02
  60.2500 2.6280e+02 2.2525e+02 3.0078e+02 2.3175e+02 2.9355e+02 2.5843e+02 2.7129e+02 2.4214e+02 2.8342e+02 2.9355e+02 2.3175e+02 2.6246e+02 2.3293e+02 2.9307e+02 2.6389e+02
  60.5000 2.5670e+02 2.2002e+02 2.9378e+02 2.2637e+02 2.8671e+02 2.5244e+02 2.6499e+02 2.3652e+02 2.7685e+02 2.8671e+02 2.2637e+02 2.5634e+02 2.2756e+02 2.8623e+02 2.5780e+02
  60.7500 2.5077e+02 2.1493e+02 2.8697e+02 2.2114e+02 2.8006e+02 2.4660e+02 2.5886e+02 2.3104e+02 2.7045e+02 2.8006e+02 2.2114e+02 2.5039e+02 2.2233e+02 2.7956e+02 2.5188e+02
  61.0000 2.4499e+02 2.0998e+02 2.8035e+02 2.1604e+02 2.7358e+02 2.4093e+02 2.5289e+02 2.2571e+02 2.6423e+02 2.7358e+02 2.1604e+02 2.4459e+02 2.1724e+02 2.7308e+02 2.4611e+02
  61.2500 2.3936e+02 2.0515e+02 2.7389e+02 2.1108e+02 2.6728e+02 2.3540e+02 2.4708e+02 2.2052e+02 2.5817e+02 2.6728e+02 2.1108e+02 2.3895e+02 2.1228e+02 2.6677e+02 2.4049e+02
  61.5000 2.3389e+02 2.0045e+02 2.6761e+02 2.0625e+02 2.6114e+02 2.3002e+02 2.4142e+02 2.1547e+02 2.5227e+02 2.6114e+02 2.0625e+02 2.3346e+02 2.0745e+02 2.6062e+02 2.3502e+02
  61.7500 2.2856e+02 1.9588e+02 2.6150e+02 2.0155e+02 2.5516e+02 2.2478e+02 2.3591e+02 2.1055e+02 2.4653e+02 2.5516e+02 2.0155e+02 2.2811e+02 2.0275e+02 2.5464e+02 2.2969e+02
  62.0000 2.2336e+02 1.9142e+02 2.5554e+02 1.9697e+02 2.4934e+02 2.1968e+02 2.3054e+02 2.0576e+02 2.4094e+02 2.4934e+02 1.9697e+02 2.2290e+02 1.9817e+02 2.4882e+02 2.2450e+02
  62.2500 2.1830e+02 1.8708e+02 2.4974e+02 1.9251e+02 2.4368e+02 2.1471e+02 2.2532e+02 2.0109e+02 2.3549e+02 2.4368e+02 1.9251e+02 2.1783e+02 1.9371e+02 2.4315e+02 2.1945e+02
  62.5000 2.1338e+02 1.8286e+02 2.4409e+02 1.8816e+02 2.3816e+02 2.0987e+02 2.2023e+02 1.9654e+02 2.3019e+02 2.3816e+02 1.8816e+02 2.1289e+02 1.8936e+02 2.3763e+02 2.1452e+02
  62.7500 2.0858e+02 1.7874e+02 2.3859e+02 1.8393e+02 2.3278e+02 2.0516e+02 2.1527e+02 1.9212e+02 2.2502e+02 2.3278e+02 1.8393e+02 2.0809e+02 1.8513e+02 2.3225e+02 2.0973e+02
  63.0000 2.0391e+02 1.7473e+02 2.3324e+02 1.7981e+02 2.2755e+02 2.0056e+02 2.1044e+02 1.8780e+02 2.1999e+02 2.2755e+02 1.7981e+02 2.0340e+02 1.8100e+02 2.2701e+02 2.0505e+02
  63.2500 1.9935e+02 1.7082e+02 2.2802e+02 1.7579e+02 2.2245e+02 1.9609e+02 2.0574e+02 1.8359e+02 2.1508e+02 2.2245e+02 1.7579e+02 1.9884e+02 1.7698e+02 2.2191e+02 2.0050e+02
  63.5000 1.9491e+02 1.6701e+02 2.2293e+02 1.7188e+02 2.1748e+02 1.9173e+02 2.0116e+02 1.7950e+02 2.1030e+02 2.1748e+02 1.7188e+02 1.9439e+02 1.7306e+02 2.1694e+02 1.9606e+02
  63.7500 1.9059e+02 1.6330e+02 2.1798e+02 1.6806e+02 2.1263e+02 1.8748e+02 1.9669e+02 1.7551e+02 2.0565e+02 2.1263e+02 1.6806e+02 1.9006e+02 1.6924e+02 2.1209e+02 1.9173e+02
  64.0000 1.8637e+02 1.5968e+02 2.1315e+02 1.6434e+02 2.0792e+02 1.8333e+02 1.9234e+02 1.7162e+02 2.0111e+02 2.0792e+02 1.6434e+02 1.8584e+02 1.6552e+02 2.0738e+02 1.8751e+02
  64.2500 1.8226e+02 1.5616e+02 2.0844e+02 1.6072e+02 2.0332e+02 1.7930e+02 1.8809e+02 1.6782e+02 1.9669e+02 2.0332e+02 1.6072e+02 1.8172e+02 1.6189e+02 2.0278e+02 1.8341e+02
  64.5000 1.7826e+02 1.5272e+02 2.0386e+02 1.5719e+02 1.9884e+02 1.7536e+02 1.8396e+02 1.6412e+02 1.9238e+02 1.9884e+02 1.5719e+02 1.7771e+02 1.5836e+02 1.9829e+02 1.7940e+02
  64.7500 1.7436e+02 1.4937e+02 1.9939e+02 1.5375e+02 1.9447e+02 1.7153e+02 1.7993e+02 1.6052e+02 1.8818e+02 1.9447e+02 1.5375e+02 1.7380e+02 1.5491e+02 1.9393e+02 1.7549e+02
  65.0000 1.7055e+02 1.4611e+02 1.9503e+02 1.5039e+02 1.9021e+02 1.6779e+02 1.7600e+02 1.5701e+02 1.8409e+02 1.9021e+02 1.5039e+02 1.7000e+02 1.5155e+02 1.8967e+02 1.7168e+02
  65.2500 1.6684e+02 1.4292e+02 1.9078e+02 1.4712e+02 1.8606e+02 1.6414e+02 1.7216e+02 1.5358e+02 1.8009e+02 1.8606e+02 1.4712e+02 1.6628e+02 1.4827e+02 1.8552e+02 1.6797e+02
  65.5000 1.6322e+02 1.3982e+02 1.8664e+02 1.4393e+02 1.8201e+02 1.6058e+02 1.6843e+02 1.5024e+02 1.7620e+02 1.8201e+02 1.4393e+02 1.6266e+02 1.4507e+02 1.8147e+02 1.6434e+02
  65.7500 1.5970e+02 1.3679e+02 1.8260e+02 1.4082e+02 1.7806e+02 1.5712e+02 1.6478e+02 1.4698e+02 1.7240e+02 1.7806e+02 1.4082e+02 1.5913e+02 1.4195e+02 1.7753e+02 1.6081e+02
  66.0000 1.5626e+02 1.3383e+02 1.7866e+02 1.3778e+02 1.7421e+02 1.5374e+02 1.6123e+02 1.4380e+02 1.6870e+02 1.7421e+02 1.3778e+02 1.5569e+02 1.3891e+02 1.7368e+02 1.5737e+02
  66.2500 1.5290e+02 1.3095e+02 1.7482e+02 1.3482e+02 1.7046e+02 1.5044e+02 1.5777e+02 1.4070e+02 1.6509e+02 1.7046e+02 1.3482e+02 1.5233e+02 1.3594e+02 1.6993e+02 1.5400e+02
  66.5000 1.4963e+02 1.2814e+02 1.7108e+02 1.3194e+02 1.6680e+02 1.4722e+02 1.5439e+02 1.3768e+02 1.6157e+02 1.6680e+02 1.3194e+02 1.4905e+02 1.3305e+02 1.6627e+02 1.5073e+02
  66.7500 1.4644e+02 1.2540e+02 1.6742e+02 1.2912e+02 1.6323e+02 1.4408e+02 1.5109e+02 1.3473e+02 1.5813e+02 1.6323e+02 1.2912e+02 1.4586e+02 1.3023e+02 1.6270e+02 1.4753e+02
  67.0000 1.4332e+02 1.2273e+02 1.6386e+02 1.2637e+02 1.5975e+02 1.4102e+02 1.4787e+02 1.3185e+02 1.5478e+02 1.5975e+02 1.2637e+02 1.4274e+02 1.2747e+02 1.5922e+02 1.4441e+02
  67.2500 1.4028e+02 1.2012e+02 1.6038e+02 1.2369e+02 1.5635e+02 1.3803e+02 1.4474e+02 1.2904e+02 1.5151e+02 1.5635e+02 1.2369e+02 1.3970e+02 1.2478e+02 1.5582e+02 1.4136e+02
  67.5000 1.3732e+02 1.1757e+02 1.5699e+02 1.2108e+02 1.5303e+02 1.3512e+02 1.4168e+02 1.2630e+02 1.4832e+02 1.5303e+02 1.2108e+02 1.3674e+02 1.2216e+02 1.5251e+02 1.3839e+02
  67.7500 1.3442e+02 1.1509e+02 1.5368e+02 1.1853e+02 1.4980e+02 1.3227e+02 1.3869e+02 1.2363e+02 1.4521e+02 1.4980e+02 1.1853e+02 1.3384e+02 1.1960e+02 1.4928e+02 1.3549e+02
  68.0000 1.3160e+02 1.1266e+02 1.5045e+02 1.1604e+02 1.4664e+02 1.2949e+02 1.3577e+02 1.2102e+02 1.4217e+02 1.4664e+02 1.1604e+02 1.3102e+02 1.1710e+02 1.4612e+02 1.3266e+02
  68.2500 1.2884e+02 1.1029e+02 1.4730e+02 1.1361e+02 1.4356e+02 1.2678e+02 1.3293e+02 1.1847e+02 1.3921e+02 1.4356e+02 1.1361e+02 1.2826e+02 1.1466e+02 1.4305e+02 1.2989e+02
  68.5000 1.2615e+02 1.0799e+02 1.4423e+02 1.1123e+02 1.4055e+02 1.2414e+02 1.3015e+02 1.1598e+02 1.3632e+02 1.4055e+02 1.1123e+02 1.2557e+02 1.1228e+02 1.4004e+02 1.2720e+02
  68.7500 1.2353e+02 1.0573e+02 1.4122e+02 1.0892e+02 1.3762e+02 1.2156e+02 1.2744e+02 1.1356e+02 1.3349e+02 1.3762e+02 1.0892e+02 1.2295e+02 1.0995e+02 1.3711e+02 1.2456e+02
  69.0000 1.2096e+02 1.0353e+02 1.3829e+02 1.0666e+02 1.3475e+02 1.1904e+02 1.2479e+02 1.1119e+02 1.3074e+02 1.3475e+02 1.0666e+02 1.2039e+02 1.0769e+02 1.3425e+02 1.2199e+02
  69.2500 1.1846e+02 1.0138e+02 1.3543e+02 1.0445e+02 1.3196e+02 1.1658e+02 1.2221e+02 1.0887e+02 1.2804e+02 1.3196e+02 1.0445e+02 1.1789e+02 1.0547e+02 1.3146e+02 1.1948e+02
  69.5000 1.1602e+02 9.9280e+01 1.3264e+02 1.0230e+02 1.2923e+02 1.1417e+02 1.1969e+02 1.0661e+02 1.2542e+02 1.2923e+02 1.0230e+02 1.1544e+02 1.0331e+02 1.2873e+02 1.1703e+02
  69.7500 1.1363e+02 9.7230e+01 1.2991e+02 1.0019e+02 1.2656e+02 1.1183e+02 1.1722e+02 1.0441e+02 1.2285e+02 1.2656e+02 1.0019e+02 1.1306e+02 1.0119e+02 1.2606e+02 1.1464e+02
  70.0000 1.1130e+02 9.5230e+01 1.2725e+02 9.8136e+01 1.2396e+02 1.0954e+02 1.1482e+02 1.0225e+02 1.2035e+02 1.2396e+02 9.8136e+01 1.1073e+02 9.9130e+01 1.2347e+02 1.1230e+02
  70.2500 1.0903e+02 9.3275e+01 1.2465e+02 9.6130e+01 1.2142e+02 1.0730e+02 1.1247e+02 1.0015e+02 1.1790e+02 1.2142e+02 9.6130e+01 1.0846e+02 9.7115e+01 1.2093e+02 1.1002e+02
  70.5000 1.0681e+02 9.1367e+01 1.2211e+02 9.4171e+01 1.1894e+02 1.0512e+02 1.1018e+02 9.8097e+01 1.1551e+02 1.1894e+02 9.4171e+01 1.0624e+02 9.5146e+01 1.1845e+02 1.0779e+02
  70.7500 1.0464e+02 8.9503e+01 1.1963e+02 9.2257e+01 1.1651e+02 1.0298e+02 1.0794e+02 9.6091e+01 1.1318e+02 1.1651e+02 9.2257e+01 1.0407e+02 9.3224e+01 1.1603e+02 1.0561e+02
  71.0000 1.0252e+02 8.7682e+01 1.1721e+02 9.0388e+01 1.1414e+02 1.0090e+02 1.0575e+02 9.4132e+01 1.1090e+02 1.1414e+02 9.0388e+01 1.0195e+02 9.1345e+01 1.1367e+02 1.0348e+02
  71.2500 1.0045e+02 8.5904e+01 1.1485e+02 8.8562e+01 1.1183e+02 9.8862e+01 1.0362e+02 9.2218e+01 1.0867e+02 1.1183e+02 8.8562e+01 9.9888e+01 8.9510e+01 1.1136e+02 1.0140e+02
  71.5000 9.8425e+01 8.4167e+01 1.1254e+02 8.6778e+01 1.0958e+02 9.6873e+01 1.0153e+02 9.0348e+01 1.0650e+02 1.0958e+02 8.6778e+01 9.7868e+01 8.7718e+01 1.0911e+02 9.9373e+01
  71.7500 9.6449e+01 8.2470e+01 1.1028e+02 8.5036e+01 1.0737e+02 9.4930e+01 9.9490e+01 8.8521e+01 1.0437e+02 1.0737e+02 8.5036e+01 9.5895e+01 8.5966e+01 1.0690e+02 9.7388e+01
  72.0000 9.4519e+01 8.0811e+01 1.0808e+02 8.3334e+01 1.0521e+02 9.3032e+01 9.7497e+01 8.6736e+01 1.0230e+02 1.0521e+02 8.3334e+01 9.3968e+01 8.4254e+01 1.0475e+02 9.5449e+01
  72.2500 9.2633e+01 7.9191e+01 1.0592e+02 8.1670e+01 1.0311e+02 9.1177e+01 9.5551e+01 8.4992e+01 1.0027e+02 1.0311e+02 8.1670e+01 9.2085e+01 8.2581e+01 1.0265e+02 9.3555e+01
  72.5000 9.0790e+01 7.7608e+01 1.0382e+02 8.0044e+01 1.0105e+02 8.9364e+01 9.3648e+01 8.3288e+01 9.8288e+01 1.0105e+02 8.0044e+01 9.0245e+01 8.0946e+01 1.0060e+02 9.1703e+01
  72.7500 8.8989e+01 7.6060e+01 1.0176e+02 7.8456e+01 9.9040e+01 8.7593e+01 9.1790e+01 8.1623e+01 9.6352e+01 9.9040e+01 7.8456e+01 8.8448e+01 7.9349e+01 9.8590e+01 8.9892e+01
  73.0000 8.7228e+01 7.4548e+01 9.9749e+01 7.6903e+01 9.7076e+01 8.5861e+01 8.9973e+01 7.9995e+01 9.4459e+01 9.7076e+01 7.6903e+01 8.6691e+01 7.7787e+01 9.6630e+01 8.8123e+01
  73.2500 8.5508e+01 7.3070e+01 9.7785e+01 7.5386e+01 9.5156e+01 8.4169e+01 8.8197e+01 7.8404e+01 9.2608e+01 9.5156e+01 7.5386e+01 8.4974e+01 7.6260e+01 9.4714e+01 8.6394e+01
  73.5000 8.3826e+01 7.1625e+01 9.5865e+01 7.3903e+01 9.3279e+01 8.2515e+01 8.6462e+01 7.6850e+01 9.0800e+01 9.3279e+01 7.3903e+01 8.3296e+01 7.4768e+01 9.2841e+01 8.4703e+01
  73.7500 8.2182e+01 7.0213e+01 9.3988e+01 7.2453e+01 9.1445e+01 8.0898e+01 8.4765e+01 7.5330e+01 8.9032e+01 9.1445e+01 7.2453e+01 8.1656e+01 7.3309e+01 9.1011e+01 8.3050e+01
  74.0000 8.0575e+01 6.8833e+01 9.2154e+01 7.1036e+01 8.9651e+01 7.9317e+01 8.3107e+01 7.3844e+01 8.7304e+01 8.9651e+01 7.1036e+01 8.0053e+01 7.1882e+01 8.9223e+01 8.1435e+01
  74.2500 7.9004e+01 6.7483e+01 9.0361e+01 6.9650e+01 8.7899e+01 7.7772e+01 8.1486e+01 7.2392e+01 8.5615e+01 8.7899e+01 6.9650e+01 7.8485e+01 7.0488e+01 8.7474e+01 7.9855e+01
  74.5000 7.7468e+01 6.6163e+01 8.8607e+01 6.8296e+01 8.6185e+01 7.6261e+01 7.9901e+01 7.0972e+01 8.3963e+01 8.6185e+01 6.8296e+01 7.6953e+01 6.9124e+01 8.5765e+01 7.8310e+01
  74.7500 7.5966e+01 6.4873e+01 8.6893e+01 6.6971e+01 8.4510e+01 7.4784e+01 7.8351e+01 6.9583e+01 8.2348e+01 8.4510e+01 6.6971e+01 7.5455e+01 6.7790e+01 8.4094e+01 7.6799e+01
  75.0000 7.4498e+01 6.3612e+01 8.5217e+01 6.5676e+01 8.2871e+01 7.3339e+01 7.6835e+01 6.8226e+01 8.0768e+01 8.2871e+01 6.5676e+01 7.3991e+01 6.6486e+01 8.2460e+01 7.5321e+01
  75.2500 7.3062e+01 6.2378e+01 8.3578e+01 6.4409e+01 8.1269e+01 7.1926e+01 7.5353e+01 6.6898e+01 7.9224e+01 8.1269e+01 6.4409e+01 7.2559e+01 6.5210e+01 8.0862e+01 7.3876e+01
  75.5000 7.1657e+01 6.1171e+01 8.1975e+01 6.3170e+01 7.9703e+01 7.0545e+01 7.3904e+01 6.5600e+01 7.7713e+01 7.9703e+01 6.3170e+01 7.1158e+01 6.3962e+01 7.9300e+01 7.2463e+01
  75.7500 7.0283e+01 5.9991e+01 8.0408e+01 6.1959e+01 7.8171e+01 6.9193e+01 7.2486e+01 6.4330e+01 7.6236e+01 7.8171e+01 6.1959e+01 6.9789e+01 6.2742e+01 7.7773e+01 7.1080e+01
  76.0000 6.8940e+01 5.8837e+01 7.8874e+01 6.0774e+01 7.6673e+01 6.7871e+01 7.1100e+01 6.3088e+01 7.4790e+01 7.6673e+01 6.0774e+01 6.8449e+01 6.1548e+01 7.6279e+01 6.9728e+01
  76.2500 6.7626e+01 5.7708e+01 7.7375e+01 5.9615e+01 7.5207e+01 6.6579e+01 6.9744e+01 6.1873e+01 7.3377e+01 7.5207e+01 5.9615e+01 6.7139e+01 6.0380e+01 7.4817e+01 6.8405e+01
  76.5000 6.6340e+01 5.6603e+01 7.5908e+01 5.8481e+01 7.3774e+01 6.5314e+01 6.8417e+01 6.0684e+01 7.1994e+01 7.3774e+01 5.8481e+01 6.5858e+01 5.9238e+01 7.3388e+01 6.7111e+01
  76.7500 6.5082e+01 5.5523e+01 7.4473e+01 5.7372e+01 7.2371e+01 6.4076e+01 6.7120e+01 5.9522e+01 7.0641e+01 7.2371e+01 5.7372e+01 6.4604e+01 5.8120e+01 7.1990e+01 6.5844e+01
  77.0000 6.3852e+01 5.4466e+01 7.3069e+01 5.6287e+01 7.1000e+01 6.2866e+01 6.5850e+01 5.8385e+01 6.9318e+01 7.1000e+01 5.6287e+01 6.3378e+01 5.7026e+01 7.0623e+01 6.4605e+01
  77.2500 6.2648e+01 5.3432e+01 7.1696e+01 5.5225e+01 6.9658e+01 6.1681e+01 6.4608e+01 5.7272e+01 6.8023e+01 6.9658e+01 5.5225e+01 6.2178e+01 5.5956e+01 6.9285e+01 6.3393e+01
  77.5000 6.1470e+01 5.2420e+01 7.0352e+01 5.4186e+01 6.8344e+01 6.0522e+01 6.3392e+01 5.6183e+01 6.6755e+01 6.8344e+01 5.4186e+01 6.1005e+01 5.4908e+01 6.7976e+01 6.2206e+01
  77.7500 6.0317e+01 5.1430e+01 6.9037e+01 5.3169e+01 6.7059e+01 5.9388e+01 6.2203e+01 5.5118e+01 6.5515e+01 6.7059e+01 5.3169e+01 5.9856e+01 5.3883e+01 6.6695e+01 6.1045e+01
  78.0000 5.9189e+01 5.0461e+01 6.7750e+01 5.2174e+01 6.5802e+01 5.8278e+01 6.1039e+01 5.4075e+01 6.4302e+01 6.5802e+01 5.2174e+01 5.8732e+01 5.2880e+01 6.5442e+01 5.9908e+01
  78.2500 5.8085e+01 4.9512e+01 6.6491e+01 5.1201e+01 6.4572e+01 5.7192e+01 5.9900e+01 5.3055e+01 6.3114e+01 6.4572e+01 5.1201e+01 5.7633e+01 5.1898e+01 6.4216e+01 5.8796e+01
  78.5000 5.7005e+01 4.8584e+01 6.5259e+01 5.0248e+01 6.3368e+01 5.6129e+01 5.8785e+01 5.2057e+01 6.1952e+01 6.3368e+01 5.0248e+01 5.6556e+01 5.0937e+01 6.3016e+01 5.7708e+01
  78.7500 5.5947e+01 4.7676e+01 6.4053e+01 4.9315e+01 6.2189e+01 5.5089e+01 5.7694e+01 5.1079e+01 6.0814e+01 6.2189e+01 4.9315e+01 5.5503e+01 4.9997e+01 6.1841e+01 5.6642e+01
  79.0000 5.4912e+01 4.6787e+01 6.2872e+01 4.8402e+01 6.1036e+01 5.4070e+01 5.6626e+01 5.0123e+01 5.9700e+01 6.1036e+01 4.8402e+01 5.4472e+01 4.9076e+01 6.0692e+01 5.5599e+01
  79.2500 5.3899e+01 4.5916e+01 6.1717e+01 4.7509e+01 5.9907e+01 5.3073e+01 5.5581e+01 4.9187e+01 5.8610e+01 5.9907e+01 4.7509e+01 5.3463e+01 4.8174e+01 5.9567e+01 5.4577e+01
  79.5000 5.2907e+01 4.5064e+01 6.0586e+01 4.6634e+01 5.8801e+01 5.2097e+01 5.4557e+01 4.8270e+01 5.7543e+01 5.8801e+01 4.6634e+01 5.2475e+01 4.7291e+01 5.8466e+01 5.3577e+01
  79.7500 5.1935e+01 4.4230e+01 5.9478e+01 4.5777e+01 5.7719e+01 5.1141e+01 5.3555e+01 4.7373e+01 5.6498e+01 5.7719e+01 4.5777e+01 5.1508e+01 4.6427e+01 5.7388e+01 5.2598e+01
  80.0000 5.0985e+01 4.3414e+01 5.8394e+01 4.4939e+01 5.6660e+01 5.0206e+01 5.2574e+01 4.6494e+01 5.5474e+01 5.6660e+01 4.4939e+01 5.0562e+01 4.5581e+01 5.6332e+01 5.1639e+01
  80.2500 5.0054e+01 4.2614e+01 5.7332e+01 4.4118e+01 5.5623e+01 4.9289e+01 5.1614e+01 4.5634e+01 5.4472e+01 5.5623e+01 4.4118e+01 4.9635e+01 4.4752e+01 5.5299e+01 5.0701e+01
  80.5000 4.9142e+01 4.1831e+01 5.6293e+01 4.3314e+01 5.4607e+01 4.8392e+01 5.0673e+01 4.4792e+01 5.3491e+01 5.4607e+01 4.3314e+01 4.8727e+01 4.3941e+01 5.4287e+01 4.9781e+01
  80.7500 4.8249e+01 4.1064e+01 5.5275e+01 4.2527e+01 5.3613e+01 4.7514e+01 4.9753e+01 4.3968e+01 5.2531e+01 5.3613e+01 4.2527e+01 4.7839e+01 4.3146e+01 5.3297e+01 4.8881e+01
  81.0000 4.7375e+01 4.0314e+01 5.4278e+01 4.1756e+01 5.2639e+01 4.6654e+01 4.8851e+01 4.3160e+01 5.1590e+01 5.2639e+01 4.1756e+01 4.6969e+01 4.2368e+01 5.2327e+01 4.7999e+01
  81.2500 4.6519e+01 3.9578e+01 5.3302e+01 4.1001e+01 5.1686e+01 4.5811e+01 4.7968e+01 4.2369e+01 5.0668e+01 5.1686e+01 4.1001e+01 4.6117e+01 4.1605e+01 5.1377e+01 4.7136e+01
  81.5000 4.5680e+01 3.8858e+01 5.2346e+01 4.0261e+01 5.0752e+01 4.4986e+01 4.7103e+01 4.1595e+01 4.9766e+01 5.0752e+01 4.0261e+01 4.5282e+01 4.0859e+01 5.0447e+01 4.6290e+01
  81.7500 4.4859e+01 3.8153e+01 5.1410e+01 3.9537e+01 4.9837e+01 4.4178e+01 4.6255e+01 4.0837e+01 4.8881e+01 4.9837e+01 3.9537e+01 4.4465e+01 4.0127e+01 4.9536e+01 4.5461e+01
  82.0000 4.4054e+01 3.7462e+01 5.0492e+01 3.8827e+01 4.8941e+01 4.3386e+01 4.5425e+01 4.0094e+01 4.8015e+01 4.8941e+01 3.8827e+01 4.3664e+01 3.9411e+01 4.8644e+01 4.4650e+01
  82.2500 4.3266e+01 3.6786e+01 4.9594e+01 3.8133e+01 4.8064e+01 4.2610e+01 4.4613e+01 3.9366e+01 4.7167e+01 4.8064e+01 3.8133e+01 4.2880e+01 3.8709e+01 4.7769e+01 4.3854e+01
  82.5000 4.2494e+01 3.6123e+01 4.8714e+01 3.7452e+01 4.7204e+01 4.1850e+01 4.3816e+01 3.8653e+01 4.6336e+01 4.7204e+01 3.7452e+01 4.2112e+01 3.8021e+01 4.6913e+01 4.3075e+01
  82.7500 4.1738e+01 3.5473e+01 4.7852e+01 3.6785e+01 4.6362e+01 4.1106e+01 4.3036e+01 3.7955e+01 4.5521e+01 4.6362e+01 3.6785e+01 4.1360e+01 3.7348e+01 4.6075e+01 4.2312e+01
  83.0000 4.0997e+01 3.4837e+01 4.7007e+01 3.6131e+01 4.5537e+01 4.0377e+01 4.2272e+01 3.7271e+01 4.4723e+01 4.5537e+01 3.6131e+01 4.0623e+01 3.6687e+01 4.5253e+01 4.1564e+01
  83.2500 4.0271e+01 3.4214e+01 4.6179e+01 3.5491e+01 4.4728e+01 3.9662e+01 4.1523e+01 3.6600e+01 4.3941e+01 4.4728e+01 3.5491e+01 3.9901e+01 3.6041e+01 4.4448e+01 4.0831e+01
  83.5000 3.9559e+01 3.3603e+01 4.5368e+01 3.4864e+01 4.3936e+01 3.8962e+01 4.0789e+01 3.5944e+01 4.3175e+01 4.3936e+01 3.4864e+01 3.9193e+01 3.5407e+01 4.3659e+01 4.0113e+01
  83.7500 3.8862e+01 3.3004e+01 4.4574e+01 3.4249e+01 4.3160e+01 3.8276e+01 4.0070e+01 3.5300e+01 4.2425e+01 4.3160e+01 3.4249e+01 3.8499e+01 3.4785e+01 4.2887e+01 3.9410e+01
  84.0000 3.8179e+01 3.2418e+01 4.3795e+01 3.3647e+01 4.2400e+01 3.7603e+01 3.9365e+01 3.4670e+01 4.1689e+01 4.2400e+01 3.3647e+01 3.7820e+01 3.4177e+01 4.2129e+01 3.8720e+01
  84.2500 3.7510e+01 3.1843e+01 4.3032e+01 3.3056e+01 4.1654e+01 3.6944e+01 3.8675e+01 3.4052e+01 4.0968e+01 4.1654e+01 3.3056e+01 3.7154e+01 3.3580e+01 4.1387e+01 3.8044e+01
  84.5000 3.6853e+01 3.1280e+01 4.2284e+01 3.2478e+01 4.0924e+01 3.6298e+01 3.7998e+01 3.3446e+01 4.0261e+01 4.0924e+01 3.2478e+01 3.6502e+01 3.2995e+01 4.0660e+01 3.7381e+01
  84.7500 3.6210e+01 3.0728e+01 4.1551e+01 3.1911e+01 4.0208e+01 3.5665e+01 3.7335e+01 3.2853e+01 3.9568e+01 4.0208e+01 3.1911e+01 3.5862e+01 3.2422e+01 3.9947e+01 3.6732e+01
  85.0000 3.5580e+01 3.0187e+01 4.0832e+01 3.1355e+01 3.9507e+01 3.5045e+01 3.6685e+01 3.2271e+01 3.8889e+01 3.9507e+01 3.1355e+01 3.5236e+01 3.1860e+01 3.9249e+01 3.6096e+01
  85.2500 3.4962e+01 2.9657e+01 4.0128e+01 3.0810e+01 3.8819e+01 3.4437e+01 3.6048e+01 3.1701e+01 3.8223e+01 3.8819e+01 3.0810e+01 3.4622e+01 3.1309e+01 3.8565e+01 3.5471e+01
  85.5000 3.4357e+01 2.9137e+01 3.9438e+01 3.0276e+01 3.8145e+01 3.3840e+01 3.5423e+01 3.1143e+01 3.7570e+01 3.8145e+01 3.0276e+01 3.4020e+01 3.0769e+01 3.7894e+01 3.4860e+01
  85.7500 3.3763e+01 2.8627e+01 3.8761e+01 2.9753e+01 3.7484e+01 3.3256e+01 3.4811e+01 3.0596e+01 3.6931e+01 3.7484e+01 2.9753e+01 3.3430e+01 3.0240e+01 3.7236e+01 3.4260e+01
  86.0000 3.3181e+01 2.8128e+01 3.8098e+01 2.9239e+01 3.6837e+01 3.2683e+01 3.4211e+01 3.0059e+01 3.6303e+01 3.6837e+01 2.9239e+01 3.2851e+01 2.9721e+01 3.6592e+01 3.3672e+01
  86.2500 3.2611e+01 2.7639e+01 3.7447e+01 2.8736e+01 3.6202e+01 3.2122e+01 3.3623e+01 2.9533e+01 3.5688e+01 3.6202e+01 2.8736e+01 3.2284e+01 2.9212e+01 3.5960e+01 3.3096e+01
  86.5000 3.2051e+01 2.7159e+01 3.6810e+01 2.8243e+01 3.5580e+01 3.1571e+01 3.3046e+01 2.9017e+01 3.5085e+01 3.5580e+01 2.8243e+01 3.1728e+01 2.8713e+01 3.5340e+01 3.2531e+01
  86.7500 3.1503e+01 2.6688e+01 3.6185e+01 2.7760e+01 3.4970e+01 3.1031e+01 3.2480e+01 2.8512e+01 3.4494e+01 3.4970e+01 2.7760e+01 3.1183e+01 2.8224e+01 3.4733e+01 3.1976e+01
  87.0000 3.0965e+01 2.6227e+01 3.5572e+01 2.7286e+01 3.4371e+01 3.0502e+01 3.1925e+01 2.8016e+01 3.3914e+01 3.4371e+01 2.7286e+01 3.0649e+01 2.7744e+01 3.4138e+01 3.1433e+01
  87.2500 3.0438e+01 2.5775e+01 3.4971e+01 2.6821e+01 3.3785e+01 2.9983e+01 3.1382e+01 2.7531e+01 3.3345e+01 3.3785e+01 2.6821e+01 3.0125e+01 2.7274e+01 3.3554e+01 3.0900e+01
  87.5000 2.9921e+01 2.5331e+01 3.4381e+01 2.6365e+01 3.3210e+01 2.9474e+01 3.0849e+01 2.7054e+01 3.2787e+01 3.3210e+01 2.6365e+01 2.9611e+01 2.6813e+01 3.2982e+01 3.0377e+01
  87.7500 2.9414e+01 2.4897e+01 3.3803e+01 2.5918e+01 3.2646e+01 2.8974e+01 3.0326e+01 2.6587e+01 3.2240e+01 3.2646e+01 2.5918e+01 2.9108e+01 2.6360e+01 3.2421e+01 2.9865e+01
  88.0000 2.8917e+01 2.4470e+01 3.3236e+01 2.5479e+01 3.2093e+01 2.8485e+01 2.9813e+01 2.6129e+01 3.1704e+01 3.2093e+01 2.5479e+01 2.8614e+01 2.5916e+01 3.1870e+01 2.9362e+01
  88.2500 2.8429e+01 2.4052e+01 3.2680e+01 2.5049e+01 3.1550e+01 2.8005e+01 2.9310e+01 2.5680e+01 3.1177e+01 3.1550e+01 2.5049e+01 2.8129e+01 2.5481e+01 3.1331e+01 2.8869e+01
  88.5000 2.7951e+01 2.3642e+01 3.2135e+01 2.4627e+01 3.1018e+01 2.7534e+01 2.8817e+01 2.5240e+01 3.0661e+01 3.1018e+01 2.4627e+01 2.7654e+01 2.5054e+01 3.0801e+01 2.8385e+01
  88.7500 2.7481e+01 2.3240e+01 3.1600e+01 2.4214e+01 3.0497e+01 2.7072e+01 2.8333e+01 2.4808e+01 3.0155e+01 3.0497e+01 2.4214e+01 2.7188e+01 2.4635e+01 3.0282e+01 2.7911e+01
  89.0000 2.7021e+01 2.2845e+01 3.1075e+01 2.3808e+01 2.9985e+01 2.6619e+01 2.7858e+01 2.4384e+01 2.9658e+01 2.9985e+01 2.3808e+01 2.6731e+01 2.4224e+01 2.9773e+01 2.7445e+01
  89.2500 2.6570e+01 2.2458e+01 3.0561e+01 2.3410e+01 2.9483e+01 2.6174e+01 2.7393e+01 2.3969e+01 2.9171e+01 2.9483e+01 2.3410e+01 2.6283e+01 2.3821e+01 2.9274e+01 2.6989e+01
  89.5000 2.6127e+01 2.2079e+01 3.0056e+01 2.3020e+01 2.8991e+01 2.5738e+01 2.6936e+01 2.3561e+01 2.8692e+01 2.8991e+01 2.3020e+01 2.5843e+01 2.3426e+01 2.8784e+01 2.6541e+01
  89.7500 2.5692e+01 2.1706e+01 2.9560e+01 2.2636e+01 2.8507e+01 2.5311e+01 2.6488e+01 2.3162e+01 2.8223e+01 2.8507e+01 2.2636e+01 2.5412e+01 2.3038e+01 2.8303e+01 2.6101e+01
  90.0000 2.5266e+01 2.1341e+01 2.9074e+01 2.2261e+01 2.8034e+01 2.4891e+01 2.6049e+01 2.2770e+01 2.7763e+01 2.8034e+01 2.2261e+01 2.4989e+01 2.2657e+01 2.7832e+01 2.5670e+01
  90.2500 2.4848e+01 2.0983e+01 2.8598e+01 2.1892e+01 2.7569e+01 2.4479e+01 2.5617e+01 2.2385e+01 2.7311e+01 2.7569e+01 2.1892e+01 2.4574e+01 2.2284e+01 2.7370e+01 2.5247e+01
  90.5000 2.4438e+01 2.0631e+01 2.8130e+01 2.1530e+01 2.7113e+01 2.4075e+01 2.5194e+01 2.2008e+01 2.6867e+01 2.7113e+01 2.1530e+01 2.4166e+01 2.1917e+01 2.6916e+01 2.4832e+01
  90.7500 2.4035e+01 2.0286e+01 2.7671e+01 2.1175e+01 2.6665e+01 2.3679e+01 2.4779e+01 2.1637e+01 2.6432e+01 2.6665e+01 2.1175e+01 2.3767e+01 2.1558e+01 2.6471e+01 2.4424e+01
  91.0000 2.3640e+01 1.9948e+01 2.7220e+01 2.0827e+01 2.6226e+01 2.3290e+01 2.4372e+01 2.1274e+01 2.6005e+01 2.6226e+01 2.0827e+01 2.3375e+01 2.1205e+01 2.6034e+01 2.4024e+01
  91.2500 2.3252e+01 1.9616e+01 2.6778e+01 2.0485e+01 2.5795e+01 2.2908e+01 2.3972e+01 2.0918e+01 2.5586e+01 2.5795e+01 2.0485e+01 2.2990e+01 2.0858e+01 2.5605e+01 2.3632e+01
  91.5000 2.2872e+01 1.9290e+01 2.6344e+01 2.0150e+01 2.5372e+01 2.2533e+01 2.3579e+01 2.0568e+01 2.5175e+01 2.5372e+01 2.0150e+01 2.2613e+01 2.0518e+01 2.5185e+01 2.3247e+01
  91.7500 2.2498e+01 1.8970e+01 2.5918e+01 1.9820e+01 2.4957e+01 2.2166e+01 2.3195e+01 2.0225e+01 2.4771e+01 2.4957e+01 1.9820e+01 2.2242e+01 2.0185e+01 2.4772e+01 2.2869e+01
  92.0000 2.2132e+01 1.8656e+01 2.5500e+01 1.9497e+01 2.4550e+01 2.1805e+01 2.2817e+01 1.9889e+01 2.4375e+01 2.4550e+01 1.9497e+01 2.1878e+01 1.9857e+01 2.4367e+01 2.2498e+01
  92.2500 2.1772e+01 1.8348e+01 2.5090e+01 1.9180e+01 2.4150e+01 2.1451e+01 2.2446e+01 1.9558e+01 2.3986e+01 2.4150e+01 1.9180e+01 2.1522e+01 1.9536e+01 2.3970e+01 2.2134e+01
  92.5000 2.1419e+01 1.8046e+01 2.4688e+01 1.8869e+01 2.3758e+01 2.1103e+01 2.2082e+01 1.9234e+01 2.3604e+01 2.3758e+01 1.8869e+01 2.1171e+01 1.9220e+01 2.3580e+01 2.1776e+01
  92.7500 2.1073e+01 1.7749e+01 2.4293e+01 1.8564e+01 2.3373e+01 2.0762e+01 2.1724e+01 1.8916e+01 2.3229e+01 2.3373e+01 1.8564e+01 2.0828e+01 1.8910e+01 2.3197e+01 2.1425e+01
  93.0000 2.0733e+01 1.7458e+01 2.3905e+01 1.8264e+01 2.2995e+01 2.0427e+01 2.1374e+01 1.8604e+01 2.2861e+01 2.2995e+01 1.8264e+01 2.0490e+01 1.8606e+01 2.2821e+01 2.1081e+01
  93.2500 2.0399e+01 1.7173e+01 2.3524e+01 1.7969e+01 2.2624e+01 2.0098e+01 2.1029e+01 1.8298e+01 2.2500e+01 2.2624e+01 1.7969e+01 2.0159e+01 1.8308e+01 2.2452e+01 2.0743e+01
  93.5000 2.0071e+01 1.6892e+01 2.3150e+01 1.7680e+01 2.2260e+01 1.9775e+01 2.0692e+01 1.7997e+01 2.2145e+01 2.2260e+01 1.7680e+01 1.9834e+01 1.8015e+01 2.2090e+01 2.0411e+01
  93.7500 1.9749e+01 1.6617e+01 2.2783e+01 1.7397e+01 2.1902e+01 1.9459e+01 2.0360e+01 1.7702e+01 2.1797e+01 2.1902e+01 1.7397e+01 1.9515e+01 1.7727e+01 2.1735e+01 2.0085e+01
  94.0000 1.9433e+01 1.6346e+01 2.2422e+01 1.7118e+01 2.1552e+01 1.9147e+01 2.0034e+01 1.7412e+01 2.1455e+01 2.1552e+01 1.7118e+01 1.9201e+01 1.7444e+01 2.1386e+01 1.9765e+01
  94.2500 1.9123e+01 1.6081e+01 2.2068e+01 1.6845e+01 2.1207e+01 1.8842e+01 1.9714e+01 1.7127e+01 2.1119e+01 2.1207e+01 1.6845e+01 1.8894e+01 1.7167e+01 2.1043e+01 1.9451e+01
  94.5000 1.8819e+01 1.5821e+01 2.1721e+01 1.6576e+01 2.0869e+01 1.8542e+01 1.9400e+01 1.6848e+01 2.0789e+01 2.0869e+01 1.6576e+01 1.8592e+01 1.6895e+01 2.0707e+01 1.9142e+01
  94.7500 1.8520e+01 1.5565e+01 2.1380e+01 1.6312e+01 2.0536e+01 1.8247e+01 1.9092e+01 1.6574e+01 2.0465e+01 2.0536e+01 1.6312e+01 1.8295e+01 1.6627e+01 2.0377e+01 1.8839e+01
  95.0000 1.8226e+01 1.5314e+01 2.1044e+01 1.6054e+01 2.0210e+01 1.7958e+01 1.8789e+01 1.6305e+01 2.0147e+01 2.0210e+01 1.6054e+01 1.8004e+01 1.6364e+01 2.0053e+01 1.8541e+01
  95.2500 1.7938e+01 1.5067e+01 2.0715e+01 1.5799e+01 1.9890e+01 1.7674e+01 1.8491e+01 1.6041e+01 1.9834e+01 1.9890e+01 1.5799e+01 1.7718e+01 1.6106e+01 1.9734e+01 1.8249e+01
  95.5000 1.7654e+01 1.4825e+01 2.0392e+01 1.5550e+01 1.9575e+01 1.7395e+01 1.8200e+01 1.5781e+01 1.9527e+01 1.9575e+01 1.5550e+01 1.7438e+01 1.5853e+01 1.9422e+01 1.7962e+01
  95.7500 1.7376e+01 1.4587e+01 2.0075e+01 1.5305e+01 1.9267e+01 1.7122e+01 1.7913e+01 1.5526e+01 1.9226e+01 1.9267e+01 1.5305e+01 1.7162e+01 1.5604e+01 1.9115e+01 1.7680e+01
  96.0000 1.7103e+01 1.4354e+01 1.9763e+01 1.5064e+01 1.8963e+01 1.6852e+01 1.7631e+01 1.5276e+01 1.8930e+01 1.8963e+01 1.5064e+01 1.6891e+01 1.5360e+01 1.8813e+01 1.7403e+01
  96.2500 1.6835e+01 1.4124e+01 1.9457e+01 1.4827e+01 1.8665e+01 1.6588e+01 1.7355e+01 1.5031e+01 1.8639e+01 1.8665e+01 1.4827e+01 1.6625e+01 1.5120e+01 1.8517e+01 1.7131e+01
  96.5000 1.6571e+01 1.3899e+01 1.9156e+01 1.4595e+01 1.8373e+01 1.6329e+01 1.7083e+01 1.4789e+01 1.8353e+01 1.8373e+01 1.4595e+01 1.6364e+01 1.4884e+01 1.8226e+01 1.6864e+01
  96.7500 1.6312e+01 1.3678e+01 1.8861e+01 1.4367e+01 1.8085e+01 1.6074e+01 1.6816e+01 1.4553e+01 1.8072e+01 1.8085e+01 1.4367e+01 1.6108e+01 1.4652e+01 1.7941e+01 1.6602e+01
  97.0000 1.6058e+01 1.3461e+01 1.8570e+01 1.4143e+01 1.7803e+01 1.5823e+01 1.6554e+01 1.4320e+01 1.7796e+01 1.7803e+01 1.4143e+01 1.5856e+01 1.4425e+01 1.7660e+01 1.6344e+01
  97.2500 1.5808e+01 1.3248e+01 1.8285e+01 1.3922e+01 1.7526e+01 1.5577e+01 1.6296e+01 1.4091e+01 1.7525e+01 1.7526e+01 1.3922e+01 1.5608e+01 1.4201e+01 1.7384e+01 1.6091e+01
  97.5000 1.5563e+01 1.3038e+01 1.8005e+01 1.3706e+01 1.7253e+01 1.5336e+01 1.6043e+01 1.3867e+01 1.7259e+01 1.7253e+01 1.3706e+01 1.5365e+01 1.3982e+01 1.7114e+01 1.5842e+01
  97.7500 1.5322e+01 1.2832e+01 1.7730e+01 1.3494e+01 1.6986e+01 1.5098e+01 1.5795e+01 1.3647e+01 1.6997e+01 1.6986e+01 1.3494e+01 1.5126e+01 1.3766e+01 1.6848e+01 1.5598e+01
  98.0000 1.5085e+01 1.2630e+01 1.7459e+01 1.3285e+01 1.6723e+01 1.4865e+01 1.5551e+01 1.3430e+01 1.6740e+01 1.6723e+01 1.3285e+01 1.4892e+01 1.3554e+01 1.6587e+01 1.5357e+01
  98.2500 1.4853e+01 1.2431e+01 1.7194e+01 1.3080e+01 1.6465e+01 1.4636e+01 1.5311e+01 1.3217e+01 1.6488e+01 1.6465e+01 1.3080e+01 1.4661e+01 1.3346e+01 1.6330e+01 1.5122e+01
  98.5000 1.4624e+01 1.2236e+01 1.6933e+01 1.2879e+01 1.6211e+01 1.4411e+01 1.5075e+01 1.3009e+01 1.6239e+01 1.6211e+01 1.2879e+01 1.4435e+01 1.3141e+01 1.6078e+01 1.4890e+01
  98.7500 1.4399e+01 1.2044e+01 1.6676e+01 1.2681e+01 1.5961e+01 1.4190e+01 1.4844e+01 1.2803e+01 1.5995e+01 1.5961e+01 1.2681e+01 1.4212e+01 1.2940e+01 1.5830e+01 1.4662e+01
  99.0000 1.4179e+01 1.1856e+01 1.6424e+01 1.2486e+01 1.5716e+01 1.3972e+01 1.4616e+01 1.2602e+01 1.5756e+01 1.5716e+01 1.2486e+01 1.3994e+01 1.2742e+01 1.5587e+01 1.4438e+01
  99.2500 1.3962e+01 1.1671e+01 1.6177e+01 1.2295e+01 1.5476e+01 1.3759e+01 1.4393e+01 1.2404e+01 1.5520e+01 1.5476e+01 1.2295e+01 1.3779e+01 1.2548e+01 1.5347e+01 1.4218e+01
  99.5000 1.3749e+01 1.1489e+01 1.5933e+01 1.2107e+01 1.5239e+01 1.3549e+01 1.4173e+01 1.2209e+01 1.5288e+01 1.5239e+01 1.2107e+01 1.3568e+01 1.2357e+01 1.5112e+01 1.4002e+01
  99.7500 1.3540e+01 1.1311e+01 1.5694e+01 1.1922e+01 1.5007e+01 1.3343e+01 1.3957e+01 1.2018e+01 1.5061e+01 1.5007e+01 1.1922e+01 1.3360e+01 1.2170e+01 1.4882e+01 1.3790e+01
 100.0000 1.3334e+01 1.1135e+01 1.5459e+01 1.1741e+01 1.4778e+01 1.3140e+01 1.3745e+01 1.1830e+01 1.4837e+01 1.4778e+01 1.1741e+01 1.3157e+01 1.1986e+01 1.4655e+01 1.3581e+01